7450-307695
OS REV: 1.05 Sensor Cal: 1705525297
Time (sec),  BV (Volts),  T (deg C),  DO (mg/l),  Q ()
1766976060,+3.48,+10.244, +3.751,+0.908
1766976360,+3.48,+10.208, +3.800,+0.908
1766976660,+3.48,+10.208, +3.841,+0.908
1766976960,+3.48,+10.171, +3.884,+0.908
1766977260,+3.48,+10.171, +3.911,+0.908
1766977560,+3.48,+10.144, +3.941,+0.908
1766977860,+3.47,+10.107, +3.972,+0.908
1766978160,+3.47,+10.080, +3.995,+0.908
1766978460,+3.47,+10.052, +4.023,+0.908
1766978760,+3.47,+10.007, +4.052,+0.908
1766979060,+3.47, +9.998, +4.075,+0.908
1766979360,+3.47, +9.952, +4.099,+0.908
1766979660,+3.48, +9.924, +4.119,+0.908
1766979960,+3.48, +9.897, +4.141,+0.908
1766980260,+3.48, +9.833, +4.171,+0.908
1766980560,+3.48, +9.814, +4.191,+0.908
1766980860,+3.48, +9.796, +4.217,+0.908
1766981160,+3.48, +9.787, +4.234,+0.908
1766981460,+3.48, +9.759, +4.259,+0.908
1766981760,+3.48, +9.722, +4.282,+0.908
1766982060,+3.48, +9.695, +4.302,+0.908
1766982360,+3.48, +9.676, +4.321,+0.908
1766982660,+3.48, +9.667, +4.332,+0.908
1766982960,+3.48, +9.658, +4.337,+0.908
1766983260,+3.48, +9.630, +4.347,+0.908
1766983560,+3.48, +9.594, +4.367,+0.908
1766983860,+3.48, +9.584, +4.385,+0.908
1766984160,+3.48, +9.548, +4.411,+0.908
1766984460,+3.48, +9.520, +4.435,+0.908
1766984760,+3.48, +9.483, +4.457,+0.908
1766985060,+3.48, +9.446, +4.483,+0.908
1766985360,+3.48, +9.428, +4.504,+0.908
1766985660,+3.48, +9.409, +4.520,+0.908
1766985960,+3.48, +9.400, +4.537,+0.908
1766986260,+3.48, +9.363, +4.553,+0.908
1766986560,+3.48, +9.354, +4.562,+0.908
1766986860,+3.48, +9.354, +4.569,+0.908
1766987160,+3.48, +9.317, +4.579,+0.908
1766987460,+3.48, +9.280, +4.604,+0.908
1766987760,+3.48, +9.252, +4.617,+0.908
1766988060,+3.48, +9.206, +4.631,+0.907
1766988360,+3.48, +9.206, +4.648,+0.908
1766988660,+3.48, +9.187, +4.659,+0.908
1766988960,+3.48, +9.169, +4.672,+0.908
1766989260,+3.48, +9.131, +4.687,+0.908
1766989560,+3.48, +9.131, +4.696,+0.908
1766989860,+3.48, +9.122, +4.701,+0.908
1766990160,+3.48, +9.076, +4.716,+0.908
1766990460,+3.48, +9.085, +4.716,+0.908
1766990760,+3.48, +9.076, +4.714,+0.908
1766991060,+3.48, +9.020, +4.723,+0.908
1766991360,+3.48, +9.020, +4.723,+0.908
1766991660,+3.48, +9.011, +4.730,+0.908
1766991960,+3.48, +8.973, +4.735,+0.908
1766992260,+3.48, +8.946, +4.740,+0.908
1766992560,+3.48, +8.936, +4.742,+0.908
1766992860,+3.47, +8.908, +4.751,+0.908
1766993160,+3.47, +8.908, +4.753,+0.908
1766993460,+3.47, +8.871, +4.756,+0.908
1766993760,+3.48, +8.899, +4.733,+0.908
1766994060,+3.47, +8.862, +4.728,+0.908
1766994360,+3.48, +8.815, +4.724,+0.908
1766994660,+3.48, +8.834, +4.704,+0.908
1766994960,+3.47, +8.815, +4.690,+0.908
1766995260,+3.48, +8.778, +4.684,+0.908
1766995560,+3.48, +8.731, +4.684,+0.908
1766995860,+3.48, +8.731, +4.679,+0.908
1766996160,+3.48, +8.694, +4.672,+0.908
1766996460,+3.48, +8.684, +4.659,+0.908
1766996760,+3.48, +8.675, +4.646,+0.908
1766997060,+3.48, +8.638, +4.649,+0.908
1766997360,+3.48, +8.619, +4.636,+0.908
1766997660,+3.48, +8.600, +4.637,+0.908
1766997960,+3.48, +8.591, +4.632,+0.908
1766998260,+3.48, +8.581, +4.617,+0.908
1766998560,+3.48, +8.581, +4.611,+0.908
1766998860,+3.48, +8.572, +4.588,+0.908
1766999160,+3.48, +8.553, +4.577,+0.908
1766999460,+3.48, +8.535, +4.567,+0.908
1766999760,+3.48, +8.507, +4.562,+0.908
1767000060,+3.48, +8.488, +4.554,+0.908
1767000360,+3.48, +8.488, +4.543,+0.908
1767000660,+3.48, +8.478, +4.528,+0.908
1767000960,+3.48, +8.460, +4.513,+0.908
1767001260,+3.48, +8.460, +4.497,+0.908
1767001560,+3.48, +8.403, +4.488,+0.908
1767001860,+3.48, +8.403, +4.471,+0.908
1767002160,+3.48, +8.366, +4.459,+0.908
1767002460,+3.48, +8.338, +4.447,+0.908
1767002760,+3.48, +8.319, +4.439,+0.908
1767003060,+3.48, +8.319, +4.428,+0.908
1767003360,+3.48, +8.290, +4.419,+0.909
1767003660,+3.48, +8.281, +4.407,+0.909
1767003960,+3.48, +8.243, +4.398,+0.909
1767004260,+3.48, +8.215, +4.353,+0.908
1767004560,+3.48, +8.196, +4.310,+0.908
1767004860,+3.48, +8.187, +4.278,+0.908
1767005160,+3.48, +8.168, +4.251,+0.908
1767005460,+3.48, +8.159, +4.226,+0.908
1767005760,+3.48, +8.140, +4.209,+0.908
1767006060,+3.48, +8.111, +4.193,+0.908
1767006360,+3.48, +8.083, +4.179,+0.908
1767006660,+3.48, +8.074, +4.157,+0.909
1767006960,+3.48, +8.036, +4.147,+0.908
1767007260,+3.48, +8.026, +4.140,+0.909
1767007560,+3.48, +7.998, +4.132,+0.909
1767007860,+3.48, +7.989, +4.118,+0.909
1767008160,+3.48, +7.951, +4.109,+0.908
1767008460,+3.48, +7.903, +4.109,+0.909
1767008760,+3.48, +7.903, +4.095,+0.908
1767009060,+3.48, +7.875, +4.091,+0.908
1767009360,+3.48, +7.875, +4.085,+0.909
1767009660,+3.48, +7.856, +4.081,+0.909
1767009960,+3.48, +7.846, +4.072,+0.909
1767010260,+3.48, +7.828, +4.058,+0.909
1767010560,+3.48, +7.828, +4.041,+0.909
1767010860,+3.48, +7.809, +4.016,+0.908
1767011160,+3.48, +7.752, +3.994,+0.908
1767011460,+3.47, +7.723, +3.978,+0.909
1767011760,+3.47, +7.714, +3.957,+0.909
1767012060,+3.47, +7.714, +3.930,+0.909
1767012360,+3.47, +7.657, +3.904,+0.908
1767012660,+3.47, +7.618, +3.884,+0.909
1767012960,+3.47, +7.618, +3.858,+0.908
1767013260,+3.47, +7.580, +3.839,+0.908
1767013560,+3.47, +7.599, +3.811,+0.908
1767013860,+3.47, +7.590, +3.788,+0.909
1767014160,+3.47, +7.590, +3.757,+0.909
1767014460,+3.47, +7.580, +3.724,+0.909
1767014760,+3.47, +7.571, +3.696,+0.909
1767015060,+3.47, +7.542, +3.671,+0.909
1767015360,+3.47, +7.580, +3.637,+0.909
1767015660,+3.47, +7.580, +3.601,+0.909
1767015960,+3.47, +7.542, +3.569,+0.909
1767016260,+3.47, +7.495, +3.533,+0.909
1767016560,+3.47, +7.466, +3.497,+0.909
1767016860,+3.48, +7.409, +3.471,+0.908
1767017160,+3.47, +7.428, +3.437,+0.908
1767017460,+3.48, +7.409, +3.402,+0.909
1767017760,+3.48, +7.380, +3.371,+0.908
1767018060,+3.48, +7.313, +3.358,+0.908
1767018360,+3.48, +7.255, +3.347,+0.908
1767018660,+3.48, +7.236, +3.333,+0.908
1767018960,+3.48, +7.207, +3.310,+0.908
1767019260,+3.48, +7.246, +3.267,+0.908
1767019560,+3.48, +7.236, +3.242,+0.908
1767019860,+3.48, +7.198, +3.213,+0.908
1767020160,+3.48, +7.179, +3.189,+0.908
1767020460,+3.48, +7.207, +3.148,+0.908
1767020760,+3.48, +7.188, +3.119,+0.908
1767021060,+3.48, +7.179, +3.090,+0.908
1767021360,+3.48, +7.179, +3.065,+0.908
1767021660,+3.48, +7.150, +3.048,+0.908
1767021960,+3.48, +7.102, +3.037,+0.908
1767022260,+3.48, +7.092, +3.013,+0.908
1767022560,+3.48, +7.054, +2.994,+0.908
1767022860,+3.48, +7.006, +2.975,+0.908
1767023160,+3.48, +7.015, +2.954,+0.908
1767023460,+3.48, +6.967, +2.937,+0.908
1767023760,+3.48, +6.871, +2.942,+0.908
1767024060,+3.48, +6.871, +2.925,+0.908
1767024360,+3.48, +6.851, +2.911,+0.908
1767024660,+3.48, +6.851, +2.892,+0.908
1767024960,+3.48, +6.842, +2.877,+0.908
1767025260,+3.48, +6.861, +2.855,+0.908
1767025560,+3.48, +6.880, +2.836,+0.908
1767025860,+3.48, +6.871, +2.827,+0.908
1767026160,+3.48, +6.880, +2.815,+0.908
1767026460,+3.48, +6.909, +2.796,+0.908
1767026760,+3.48, +6.977, +2.776,+0.908
1767027060,+3.48, +6.967, +2.760,+0.908
1767027360,+3.48, +7.006, +2.743,+0.908
1767027660,+3.48, +6.977, +2.718,+0.908
1767027960,+3.48, +7.025, +2.697,+0.908
1767028260,+3.48, +7.054, +2.687,+0.908
1767028560,+3.48, +7.083, +2.682,+0.908
1767028860,+3.48, +7.025, +2.687,+0.908
1767029160,+3.48, +7.054, +2.681,+0.908
1767029460,+3.48, +7.083, +2.679,+0.908
1767029760,+3.48, +7.111, +2.672,+0.908
1767030060,+3.48, +7.083, +2.678,+0.908
1767030360,+3.48, +7.111, +2.673,+0.908
1767030660,+3.48, +7.131, +2.670,+0.908
1767030960,+3.48, +7.131, +2.674,+0.908
1767031260,+3.47, +7.150, +2.678,+0.908
1767031560,+3.47, +7.160, +2.684,+0.908
1767031860,+3.47, +7.207, +2.688,+0.908
1767032160,+3.47, +7.236, +2.697,+0.908
1767032460,+3.47, +7.275, +2.699,+0.908
1767032760,+3.47, +7.294, +2.704,+0.908
1767033060,+3.47, +7.322, +2.714,+0.908
1767033360,+3.47, +7.361, +2.720,+0.908
1767033660,+3.47, +7.399, +2.729,+0.908
1767033960,+3.47, +7.437, +2.742,+0.908
1767034260,+3.47, +7.466, +2.754,+0.908
1767034560,+3.47, +7.533, +2.766,+0.908
1767034860,+3.47, +7.580, +2.786,+0.908
1767035160,+3.47, +7.618, +2.802,+0.908
1767035460,+3.47, +7.676, +2.816,+0.908
1767035760,+3.47, +7.704, +2.833,+0.908
1767036060,+3.47, +7.714, +2.853,+0.908
1767036360,+3.47, +7.752, +2.873,+0.908
1767036660,+3.47, +7.828, +2.885,+0.908
1767036960,+3.48, +7.875, +2.904,+0.908
1767037260,+3.48, +7.875, +2.927,+0.908
1767037560,+3.48, +7.884, +2.953,+0.908
1767037860,+3.48, +7.903, +2.971,+0.909
1767038160,+3.48, +7.894, +2.992,+0.908
1767038460,+3.48, +7.903, +3.012,+0.908
1767038760,+3.48, +7.875, +3.034,+0.908
1767039060,+3.48, +7.894, +3.058,+0.908
1767039360,+3.48, +7.922, +3.087,+0.908
1767039660,+3.48, +7.960, +3.120,+0.908
1767039960,+3.48, +8.007, +3.147,+0.908
1767040260,+3.48, +8.074, +3.176,+0.908
1767040560,+3.48, +8.083, +3.207,+0.908
1767040860,+3.48, +8.093, +3.240,+0.908
1767041160,+3.48, +8.168, +3.266,+0.908
1767041460,+3.47, +8.234, +3.303,+0.909
1767041760,+3.47, +8.300, +3.330,+0.908
1767042060,+3.47, +8.385, +3.356,+0.908
1767042360,+3.47, +8.431, +3.389,+0.908
1767042660,+3.47, +8.450, +3.434,+0.908
1767042960,+3.47, +8.497, +3.468,+0.908
1767043260,+3.47, +8.535, +3.502,+0.908
1767043560,+3.47, +8.544, +3.531,+0.908
1767043860,+3.47, +8.600, +3.559,+0.908
1767044160,+3.47, +8.656, +3.587,+0.909
1767044460,+3.47, +8.675, +3.613,+0.908
1767044760,+3.47, +8.694, +3.643,+0.908
1767045060,+3.47, +8.684, +3.677,+0.908
1767045360,+3.47, +8.712, +3.705,+0.908
1767045660,+3.47, +8.731, +3.741,+0.909
1767045960,+3.47, +8.750, +3.762,+0.908
1767046260,+3.47, +8.740, +3.790,+0.908
1767046560,+3.47, +8.778, +3.808,+0.908
1767046860,+3.47, +8.768, +3.831,+0.908
1767047160,+3.47, +8.759, +3.848,+0.908
1767047460,+3.47, +8.722, +3.860,+0.908
1767047760,+3.47, +8.666, +3.871,+0.908
1767048060,+3.47, +8.553, +3.880,+0.908
1767048360,+3.47, +8.553, +3.874,+0.908
1767048660,+3.47, +8.544, +3.863,+0.908
1767048960,+3.47, +8.507, +3.854,+0.908
1767049260,+3.47, +8.497, +3.833,+0.908
1767049560,+3.47, +8.507, +3.811,+0.908
1767049860,+3.47, +8.544, +3.782,+0.908
1767050160,+3.47, +8.638, +3.747,+0.908
1767050460,+3.47, +8.722, +3.717,+0.908
1767050760,+3.47, +8.824, +3.689,+0.908
1767051060,+3.47, +8.899, +3.666,+0.908
1767051360,+3.48, +8.992, +3.646,+0.909
1767051660,+3.48, +9.085, +3.626,+0.909
1767051960,+3.48, +9.178, +3.607,+0.909
1767052260,+3.48, +9.178, +3.599,+0.908
1767052560,+3.48, +9.215, +3.588,+0.908
1767052860,+3.48, +9.261, +3.577,+0.908
1767053160,+3.47, +9.372, +3.566,+0.908
1767053460,+3.47, +9.428, +3.559,+0.908
1767053760,+3.47, +9.465, +3.556,+0.908
1767054060,+3.47, +9.483, +3.560,+0.908
1767054360,+3.47, +9.520, +3.559,+0.908
1767054660,+3.47, +9.548, +3.567,+0.908
1767054960,+3.47, +9.566, +3.575,+0.908
1767055260,+3.47, +9.584, +3.581,+0.908
1767055560,+3.47, +9.594, +3.591,+0.908
1767055860,+3.47, +9.621, +3.599,+0.908
1767056160,+3.47, +9.603, +3.616,+0.908
1767056460,+3.47, +9.603, +3.627,+0.908
1767056760,+3.47, +9.603, +3.638,+0.908
1767057060,+3.47, +9.612, +3.651,+0.908
1767057360,+3.47, +9.621, +3.670,+0.909
1767057660,+3.47, +9.640, +3.680,+0.908
1767057960,+3.47, +9.640, +3.697,+0.908
1767058260,+3.47, +9.621, +3.715,+0.908
1767058560,+3.47, +9.649, +3.725,+0.908
1767058860,+3.47, +9.630, +3.743,+0.908
1767059160,+3.47, +9.640, +3.757,+0.908
1767059460,+3.47, +9.649, +3.769,+0.908
1767059760,+3.47, +9.603, +3.792,+0.908
1767060060,+3.47, +9.612, +3.802,+0.908
1767060360,+3.47, +9.612, +3.819,+0.908
1767060660,+3.47, +9.584, +3.832,+0.908
1767060960,+3.47, +9.594, +3.844,+0.908
1767061260,+3.47, +9.548, +3.864,+0.908
1767061560,+3.47, +9.548, +3.877,+0.908
1767061860,+3.47, +9.529, +3.895,+0.908
1767062160,+3.47, +9.529, +3.900,+0.908
1767062460,+3.47, +9.538, +3.913,+0.908
