7450-307695
OS REV: 1.05 Sensor Cal: 1705525297
Time (sec),  BV (Volts),  T (deg C),  DO (mg/l),  Q ()
1768796760,+3.48,+11.015, +3.717,+0.906
1768797060,+3.48,+11.024, +3.655,+0.907
1768797360,+3.48,+11.006, +3.631,+0.907
1768797660,+3.48,+10.961, +3.370,+0.907
1768797960,+3.48,+10.988, +3.233,+0.906
1768798260,+3.48,+10.988, +3.606,+0.907
1768798560,+3.48,+10.979, +3.624,+0.907
1768798860,+3.48,+11.024, +3.684,+0.907
1768799160,+3.48,+11.024, +3.833,+0.907
1768799460,+3.48,+11.024, +3.888,+0.907
1768799760,+3.48,+10.997, +3.794,+0.907
1768800060,+3.48,+11.015, +3.871,+0.907
1768800360,+3.48,+11.024, +3.868,+0.907
1768800660,+3.48,+11.033, +3.851,+0.907
1768800960,+3.48,+11.024, +3.749,+0.907
1768801260,+3.48,+10.961, +3.454,+0.906
1768801560,+3.48,+10.979, +3.235,+0.906
1768801860,+3.48,+10.934, +3.388,+0.907
1768802160,+3.48,+10.907, +3.159,+0.906
1768802460,+3.48,+10.897, +3.037,+0.906
1768802760,+3.48,+10.897, +2.963,+0.906
1768803060,+3.48,+10.897, +2.751,+0.906
1768803360,+3.48,+10.870, +3.048,+0.906
1768803660,+3.48,+10.888, +2.735,+0.906
1768803960,+3.48,+10.888, +2.954,+0.906
1768804260,+3.48,+10.879, +2.989,+0.906
1768804560,+3.48,+10.852, +3.007,+0.906
1768804860,+3.48,+10.852, +3.230,+0.907
1768805160,+3.48,+10.861, +3.351,+0.907
1768805460,+3.48,+10.843, +3.412,+0.907
1768805760,+3.48,+10.861, +3.464,+0.907
1768806060,+3.48,+10.843, +3.377,+0.907
1768806360,+3.48,+10.825, +3.437,+0.907
1768806660,+3.48,+10.807, +3.508,+0.907
1768806960,+3.48,+10.807, +3.525,+0.907
1768807260,+3.48,+10.807, +3.525,+0.907
1768807560,+3.48,+10.780, +3.504,+0.907
1768807860,+3.48,+10.762, +3.499,+0.907
1768808160,+3.48,+10.789, +3.504,+0.907
1768808460,+3.48,+10.762, +3.483,+0.907
1768808760,+3.48,+10.753, +3.422,+0.907
1768809060,+3.48,+10.744, +3.385,+0.907
1768809360,+3.48,+10.753, +3.252,+0.907
1768809660,+3.48,+10.717, +3.276,+0.907
1768809960,+3.48,+10.671, +3.371,+0.907
1768810260,+3.48,+10.662, +3.375,+0.907
1768810560,+3.48,+10.671, +3.345,+0.907
1768810860,+3.48,+10.662, +3.259,+0.907
1768811160,+3.48,+10.689, +3.256,+0.907
1768811460,+3.48,+10.653, +3.228,+0.907
1768811760,+3.48,+10.635, +3.280,+0.907
1768812060,+3.48,+10.608, +3.250,+0.907
1768812360,+3.48,+10.590, +3.256,+0.907
1768812660,+3.48,+10.599, +3.238,+0.907
1768812960,+3.48,+10.553, +3.241,+0.907
1768813260,+3.48,+10.535, +3.172,+0.907
1768813560,+3.48,+10.544, +3.015,+0.907
1768813860,+3.48,+10.526, +3.038,+0.907
1768814160,+3.48,+10.526, +0.991,+0.875
1768814460,+3.48,+10.517, +0.599,+0.886
1768814760,+3.48,+10.517, +0.533,+0.888
1768815060,+3.48,+10.508, +0.573,+0.888
1768815360,+3.48,+10.481, +0.613,+0.887
1768815660,+3.48,+10.454, +0.693,+0.886
1768815960,+3.48,+10.408, +0.702,+0.887
1768816260,+3.48,+10.417, +0.784,+0.885
1768816560,+3.48,+10.399, +0.781,+0.885
1768816860,+3.49,+10.408, +0.756,+0.887
1768817160,+3.48,+10.390, +0.696,+0.889
1768817460,+3.49,+10.390, +0.610,+0.892
1768817760,+3.49,+10.344, +0.655,+0.891
1768818060,+3.49,+10.354, +0.695,+0.891
1768818360,+3.49,+10.344, +0.665,+0.892
1768818660,+3.49,+10.344, +0.664,+0.892
1768818960,+3.49,+10.272, +0.775,+0.890
1768819260,+3.49,+10.272, +0.926,+0.887
1768819560,+3.48,+10.281, +0.802,+0.891
1768819860,+3.49,+10.262, +0.758,+0.892
1768820160,+3.49,+10.244, +0.820,+0.891
1768820460,+3.49,+10.226, +0.761,+0.892
1768820760,+3.48,+10.199, +0.845,+0.892
1768821060,+3.48,+10.171, +0.854,+0.891
1768821360,+3.48,+10.135, +0.946,+0.890
1768821660,+3.48,+10.107, +0.866,+0.892
1768821960,+3.48,+10.116, +0.764,+0.894
1768822260,+3.48,+10.135, +0.789,+0.893
1768822560,+3.48,+10.162, +0.862,+0.893
1768822860,+3.48,+10.135, +0.867,+0.893
1768823160,+3.48,+10.126, +0.785,+0.894
1768823460,+3.48,+10.089, +0.847,+0.893
1768823760,+3.48,+10.098, +0.743,+0.894
1768824060,+3.48,+10.089, +0.685,+0.895
1768824360,+3.48,+10.062, +0.714,+0.894
1768824660,+3.48,+10.052, +0.699,+0.895
1768824960,+3.48,+10.071, +0.671,+0.895
1768825260,+3.48,+10.052, +0.687,+0.895
1768825560,+3.48,+10.052, +0.668,+0.895
1768825860,+3.48,+10.016, +0.681,+0.895
1768826160,+3.48,+10.043, +0.709,+0.895
1768826460,+3.48,+10.016, +0.704,+0.895
1768826760,+3.48,+10.016, +0.684,+0.895
1768827060,+3.48, +9.933, +0.684,+0.895
1768827360,+3.48, +9.933, +0.691,+0.895
1768827660,+3.48, +9.943, +0.728,+0.894
1768827960,+3.48, +9.915, +0.727,+0.894
1768828260,+3.48, +9.897, +0.730,+0.895
1768828560,+3.48, +9.924, +0.726,+0.895
1768828860,+3.48, +9.897, +0.749,+0.895
1768829160,+3.48, +9.860, +0.796,+0.894
1768829460,+3.48, +9.869, +0.738,+0.895
1768829760,+3.48, +9.833, +0.754,+0.894
1768830060,+3.48, +9.842, +0.901,+0.894
1768830360,+3.48, +9.814, +0.801,+0.894
1768830660,+3.48, +9.796, +0.819,+0.894
1768830960,+3.48, +9.796, +0.827,+0.893
1768831260,+3.48, +9.778, +0.773,+0.894
1768831560,+3.48, +9.796, +0.738,+0.895
1768831860,+3.48, +9.787, +0.734,+0.895
1768832160,+3.48, +9.787, +0.787,+0.894
1768832460,+3.48, +9.778, +0.772,+0.894
1768832760,+3.48, +9.759, +0.804,+0.894
1768833060,+3.48, +9.787, +0.832,+0.894
1768833360,+3.48, +9.759, +0.845,+0.894
1768833660,+3.48, +9.722, +0.891,+0.893
1768833960,+3.48, +9.741, +0.910,+0.893
1768834260,+3.48, +9.704, +0.885,+0.894
1768834560,+3.48, +9.686, +0.925,+0.893
1768834860,+3.48, +9.658, +0.928,+0.893
1768835160,+3.48, +9.640, +0.937,+0.893
1768835460,+3.48, +9.640, +0.918,+0.893
1768835760,+3.48, +9.630, +0.891,+0.894
1768836060,+3.48, +9.630, +0.817,+0.895
1768836360,+3.48, +9.612, +0.944,+0.894
1768836660,+3.48, +9.612, +0.935,+0.894
1768836960,+3.48, +9.566, +0.955,+0.893
1768837260,+3.48, +9.575, +0.936,+0.894
1768837560,+3.48, +9.566, +0.932,+0.893
1768837860,+3.48, +9.566, +0.957,+0.894
1768838160,+3.48, +9.529, +1.050,+0.893
1768838460,+3.48, +9.520, +1.087,+0.893
1768838760,+3.48, +9.501, +1.032,+0.894
1768839060,+3.48, +9.520, +0.940,+0.894
1768839360,+3.48, +9.520, +0.997,+0.895
1768839660,+3.48, +9.520, +1.089,+0.895
1768839960,+3.48, +9.511, +1.045,+0.895
1768840260,+3.48, +9.492, +1.076,+0.895
1768840560,+3.48, +9.501, +1.141,+0.896
1768840860,+3.48, +9.483, +1.192,+0.896
1768841160,+3.48, +9.492, +1.134,+0.896
1768841460,+3.48, +9.474, +1.128,+0.896
1768841760,+3.48, +9.492, +1.145,+0.896
1768842060,+3.48, +9.483, +1.051,+0.896
1768842360,+3.48, +9.483, +1.089,+0.896
1768842660,+3.48, +9.483, +1.114,+0.897
1768842960,+3.48, +9.474, +1.130,+0.897
1768843260,+3.48, +9.474, +1.129,+0.898
1768843560,+3.48, +9.455, +1.194,+0.898
1768843860,+3.48, +9.483, +1.191,+0.898
1768844160,+3.48, +9.483, +1.172,+0.898
1768844460,+3.48, +9.474, +1.230,+0.898
1768844760,+3.48, +9.465, +1.286,+0.899
1768845060,+3.48, +9.483, +1.291,+0.899
1768845360,+3.48, +9.483, +1.276,+0.899
1768845660,+3.48, +9.474, +1.367,+0.900
1768845960,+3.48, +9.483, +1.427,+0.900
1768846260,+3.48, +9.474, +1.458,+0.901
1768846560,+3.48, +9.474, +1.496,+0.901
1768846860,+3.48, +9.511, +1.516,+0.901
1768847160,+3.48, +9.520, +1.625,+0.902
1768847460,+3.48, +9.492, +1.658,+0.902
1768847760,+3.48, +9.520, +1.668,+0.902
1768848060,+3.48, +9.501, +1.672,+0.902
1768848360,+3.48, +9.501, +1.659,+0.902
1768848660,+3.48, +9.520, +1.664,+0.903
1768848960,+3.48, +9.511, +1.676,+0.903
1768849260,+3.48, +9.529, +1.720,+0.903
1768849560,+3.48, +9.529, +1.744,+0.903
1768849860,+3.48, +9.575, +1.822,+0.903
1768850160,+3.48, +9.557, +1.863,+0.904
1768850460,+3.48, +9.575, +1.877,+0.904
1768850760,+3.48, +9.584, +1.911,+0.904
1768851060,+3.48, +9.594, +1.959,+0.904
1768851360,+3.48, +9.603, +2.052,+0.904
1768851660,+3.48, +9.621, +2.130,+0.904
1768851960,+3.48, +9.640, +2.150,+0.904
1768852260,+3.48, +9.640, +2.162,+0.904
1768852560,+3.48, +9.649, +2.195,+0.905
1768852860,+3.48, +9.649, +2.214,+0.905
1768853160,+3.48, +9.695, +2.256,+0.905
1768853460,+3.48, +9.695, +2.340,+0.905
1768853760,+3.48, +9.713, +2.404,+0.905
1768854060,+3.48, +9.741, +2.481,+0.905
1768854360,+3.48, +9.750, +2.468,+0.905
1768854660,+3.48, +9.768, +2.451,+0.906
1768854960,+3.48, +9.759, +2.490,+0.905
1768855260,+3.48, +9.741, +2.487,+0.906
1768855560,+3.48, +9.732, +2.432,+0.906
1768855860,+3.48, +9.732, +2.451,+0.906
1768856160,+3.48, +9.741, +2.498,+0.906
1768856460,+3.48, +9.787, +2.518,+0.906
1768856760,+3.48, +9.814, +2.555,+0.906
1768857060,+3.48, +9.814, +2.648,+0.906
1768857360,+3.48, +9.833, +2.700,+0.906
1768857660,+3.48, +9.851, +2.683,+0.906
1768857960,+3.48, +9.842, +2.732,+0.906
1768858260,+3.48, +9.869, +2.762,+0.906
1768858560,+3.48, +9.869, +2.681,+0.907
1768858860,+3.48, +9.860, +2.559,+0.907
1768859160,+3.48, +9.888, +2.687,+0.907
1768859460,+3.48, +9.878, +2.726,+0.907
1768859760,+3.48, +9.888, +2.805,+0.907
1768860060,+3.48, +9.851, +2.705,+0.907
1768860360,+3.48, +9.878, +2.537,+0.907
1768860660,+3.48, +9.851, +2.572,+0.907
1768860960,+3.48, +9.851, +2.566,+0.907
1768861260,+3.48, +9.851, +2.549,+0.907
1768861560,+3.48, +9.851, +2.528,+0.907
1768861860,+3.48, +9.842, +2.397,+0.907
1768862160,+3.48, +9.842, +2.452,+0.907
1768862460,+3.48, +9.851, +2.444,+0.907
1768862760,+3.48, +9.878, +2.483,+0.907
1768863060,+3.48, +9.860, +2.478,+0.907
1768863360,+3.48, +9.952, +2.532,+0.907
1768863660,+3.48, +9.988, +2.630,+0.907
1768863960,+3.48,+10.025, +2.758,+0.907
1768864260,+3.48,+10.016, +2.619,+0.907
1768864560,+3.48,+10.043, +2.753,+0.907
1768864860,+3.48,+10.062, +2.984,+0.907
1768865160,+3.48,+10.062, +2.934,+0.907
1768865460,+3.48,+10.062, +2.913,+0.907
1768865760,+3.48,+10.034, +2.908,+0.907
1768866060,+3.48,+10.034, +2.904,+0.907
1768866360,+3.48, +9.988, +2.728,+0.907
1768866660,+3.48,+10.016, +2.638,+0.907
1768866960,+3.48,+10.025, +2.787,+0.907
1768867260,+3.48,+10.034, +2.778,+0.907
1768867560,+3.48,+10.016, +2.730,+0.907
1768867860,+3.48, +9.988, +2.685,+0.907
1768868160,+3.48, +9.988, +2.528,+0.907
1768868460,+3.48, +9.979, +2.667,+0.907
1768868760,+3.48, +9.979, +2.625,+0.907
1768869060,+3.48, +9.970, +2.504,+0.906
1768869360,+3.48, +9.979, +2.437,+0.906
1768869660,+3.48, +9.961, +2.348,+0.906
1768869960,+3.48, +9.961, +2.242,+0.906
1768870260,+3.48, +9.924, +2.261,+0.906
1768870560,+3.48, +9.943, +2.251,+0.906
1768870860,+3.48,+10.007, +2.234,+0.906
1768871160,+3.48,+10.016, +2.200,+0.906
1768871460,+3.48,+10.007, +1.998,+0.905
1768871760,+3.48, +9.988, +1.674,+0.902
1768872060,+3.48,+10.052, +1.811,+0.903
1768872360,+3.48,+10.034, +2.150,+0.906
1768872660,+3.48,+10.034, +2.159,+0.906
1768872960,+3.48,+10.025, +2.005,+0.905
1768873260,+3.48, +9.998, +1.720,+0.903
1768873560,+3.48,+10.016, +1.784,+0.904
1768873860,+3.48,+10.016, +2.103,+0.906
1768874160,+3.48,+10.025, +2.319,+0.906
1768874460,+3.48,+10.025, +0.895,+0.893
1768874760,+3.48,+10.007, +0.602,+0.894
1768875060,+3.48,+10.016, +0.530,+0.894
1768875360,+3.48,+10.043, +0.635,+0.894
1768875660,+3.48,+10.071, +0.661,+0.894
1768875960,+3.48,+10.071, +0.738,+0.893
1768876260,+3.48,+10.098, +0.843,+0.893
1768876560,+3.48,+10.098, +0.870,+0.893
1768876860,+3.48,+10.062, +0.912,+0.893
1768877160,+3.48,+10.052, +0.829,+0.893
1768877460,+3.48,+10.071, +0.852,+0.892
1768877760,+3.48,+10.043, +0.869,+0.892
1768878060,+3.48,+10.062, +0.908,+0.892
1768878360,+3.48,+10.043, +0.938,+0.892
1768878660,+3.48,+10.052, +0.988,+0.891
1768878960,+3.48,+10.007, +0.995,+0.891
1768879260,+3.48,+10.034, +0.999,+0.892
1768879560,+3.48,+10.034, +1.017,+0.891
1768879860,+3.48,+10.062, +1.062,+0.891
1768880160,+3.48,+10.034, +1.187,+0.890
1768880460,+3.48,+10.043, +1.122,+0.891
1768880760,+3.48,+10.025, +1.115,+0.890
1768881060,+3.48,+10.034, +1.120,+0.891
1768881360,+3.48,+10.025, +1.145,+0.891
1768881660,+3.48,+10.016, +1.175,+0.891
1768881960,+3.48,+10.007, +1.186,+0.891
1768882260,+3.48,+10.043, +1.226,+0.891
1768882560,+3.48,+10.025, +1.282,+0.891
1768882860,+3.48,+10.025, +1.275,+0.891
1768883160,+3.48,+10.043, +1.304,+0.891
