7450-307695
OS REV: 1.05 Sensor Cal: 1705525297
Time (sec),  BV (Volts),  T (deg C),  DO (mg/l),  Q ()
1772665980,+3.49,+16.774, +7.714,+0.904
1772666280,+3.49,+16.800, +7.720,+0.904
1772666580,+3.49,+16.783, +7.735,+0.904
1772666880,+3.49,+16.791, +7.736,+0.904
1772667180,+3.49,+16.800, +7.742,+0.904
1772667480,+3.49,+16.800, +7.739,+0.903
1772667780,+3.49,+16.808, +7.745,+0.903
1772668080,+3.49,+16.817, +7.753,+0.904
1772668380,+3.49,+16.825, +7.749,+0.904
1772668680,+3.49,+16.817, +7.755,+0.903
1772668980,+3.49,+16.834, +7.758,+0.904
1772669280,+3.49,+16.817, +7.770,+0.904
1772669580,+3.49,+16.808, +7.771,+0.903
1772669880,+3.49,+16.808, +7.778,+0.903
1772670180,+3.49,+16.817, +7.776,+0.903
1772670480,+3.49,+16.808, +7.787,+0.904
1772670780,+3.49,+16.800, +7.784,+0.903
1772671080,+3.49,+16.791, +7.783,+0.903
1772671380,+3.49,+16.791, +7.793,+0.904
1772671680,+3.49,+16.774, +7.792,+0.903
1772671980,+3.49,+16.758, +7.803,+0.904
1772672280,+3.49,+16.749, +7.808,+0.904
1772672580,+3.49,+16.749, +7.804,+0.904
1772672880,+3.49,+16.741, +7.801,+0.903
1772673180,+3.49,+16.707, +7.808,+0.903
1772673480,+3.50,+16.707, +7.807,+0.903
1772673780,+3.49,+16.707, +7.798,+0.903
1772674080,+3.50,+16.690, +7.800,+0.903
1772674380,+3.50,+16.664, +7.811,+0.904
1772674680,+3.50,+16.647, +7.804,+0.903
1772674980,+3.50,+16.622, +7.809,+0.904
1772675280,+3.50,+16.613, +7.801,+0.903
1772675580,+3.50,+16.588, +7.812,+0.904
1772675880,+3.50,+16.554, +7.813,+0.904
1772676180,+3.50,+16.554, +7.801,+0.903
1772676480,+3.50,+16.528, +7.807,+0.904
1772676780,+3.50,+16.537, +7.799,+0.904
1772677080,+3.50,+16.494, +7.799,+0.904
1772677380,+3.50,+16.469, +7.796,+0.904
1772677680,+3.50,+16.443, +7.796,+0.904
1772677980,+3.50,+16.418, +7.794,+0.904
1772678280,+3.50,+16.426, +7.780,+0.904
1772678580,+3.50,+16.375, +7.789,+0.904
1772678880,+3.50,+16.358, +7.776,+0.904
1772679180,+3.50,+16.332, +7.776,+0.904
1772679480,+3.50,+16.307, +7.772,+0.904
1772679780,+3.50,+16.298, +7.757,+0.904
1772680080,+3.50,+16.273, +7.751,+0.904
1772680380,+3.50,+16.256, +7.756,+0.904
1772680680,+3.50,+16.239, +7.746,+0.904
1772680980,+3.50,+16.222, +7.731,+0.904
1772681280,+3.50,+16.213, +7.721,+0.904
1772681580,+3.50,+16.179, +7.716,+0.904
1772681880,+3.50,+16.162, +7.709,+0.904
1772682180,+3.50,+16.111, +7.708,+0.904
1772682480,+3.50,+16.128, +7.690,+0.904
1772682780,+3.50,+16.102, +7.686,+0.904
1772683080,+3.50,+16.094, +7.676,+0.904
1772683380,+3.50,+16.094, +7.656,+0.904
1772683680,+3.50,+16.085, +7.645,+0.904
1772683980,+3.50,+16.043, +7.648,+0.904
1772684280,+3.50,+16.026, +7.641,+0.904
1772684580,+3.50,+16.026, +7.624,+0.904
1772684880,+3.50,+15.991, +7.619,+0.904
1772685180,+3.50,+15.983, +7.610,+0.904
1772685480,+3.50,+15.949, +7.598,+0.904
1772685780,+3.50,+15.949, +7.594,+0.904
1772686080,+3.50,+15.949, +7.572,+0.904
1772686380,+3.50,+15.932, +7.571,+0.904
1772686680,+3.50,+15.923, +7.561,+0.904
1772686980,+3.50,+15.898, +7.552,+0.904
1772687280,+3.50,+15.872, +7.550,+0.904
1772687580,+3.50,+15.872, +7.534,+0.904
1772687880,+3.50,+15.872, +7.529,+0.904
1772688180,+3.50,+15.863, +7.527,+0.905
1772688480,+3.50,+15.855, +7.513,+0.904
1772688780,+3.50,+15.838, +7.511,+0.904
1772689080,+3.50,+15.829, +7.493,+0.904
1772689380,+3.50,+15.812, +7.494,+0.904
1772689680,+3.50,+15.804, +7.494,+0.904
1772689980,+3.50,+15.795, +7.481,+0.904
1772690280,+3.50,+15.778, +7.475,+0.904
1772690580,+3.50,+15.761, +7.473,+0.904
1772690880,+3.50,+15.769, +7.462,+0.904
1772691180,+3.50,+15.752, +7.455,+0.904
1772691480,+3.50,+15.744, +7.447,+0.904
1772691780,+3.50,+15.727, +7.441,+0.904
1772692080,+3.50,+15.718, +7.430,+0.904
1772692380,+3.50,+15.692, +7.430,+0.904
1772692680,+3.50,+15.692, +7.419,+0.904
1772692980,+3.50,+15.692, +7.412,+0.904
1772693280,+3.50,+15.667, +7.418,+0.904
1772693580,+3.50,+15.667, +7.401,+0.904
1772693880,+3.50,+15.641, +7.402,+0.904
1772694180,+3.50,+15.641, +7.397,+0.904
1772694480,+3.50,+15.624, +7.393,+0.904
1772694780,+3.50,+15.615, +7.389,+0.904
1772695080,+3.50,+15.598, +7.377,+0.904
1772695380,+3.50,+15.607, +7.372,+0.904
1772695680,+3.50,+15.573, +7.374,+0.905
1772695980,+3.50,+15.555, +7.371,+0.904
1772696280,+3.50,+15.573, +7.360,+0.904
1772696580,+3.50,+15.538, +7.360,+0.904
1772696880,+3.50,+15.555, +7.345,+0.904
1772697180,+3.50,+15.547, +7.338,+0.904
1772697480,+3.50,+15.521, +7.336,+0.904
1772697780,+3.50,+15.530, +7.321,+0.904
1772698080,+3.50,+15.521, +7.314,+0.904
1772698380,+3.50,+15.495, +7.314,+0.904
1772698680,+3.50,+15.478, +7.320,+0.905
1772698980,+3.50,+15.478, +7.307,+0.904
1772699280,+3.50,+15.461, +7.299,+0.904
1772699580,+3.50,+15.453, +7.296,+0.904
1772699880,+3.50,+15.418, +7.299,+0.904
1772700180,+3.50,+15.418, +7.297,+0.904
1772700480,+3.50,+15.410, +7.284,+0.904
1772700780,+3.50,+15.393, +7.292,+0.905
1772701080,+3.50,+15.375, +7.294,+0.905
1772701380,+3.50,+15.358, +7.282,+0.904
1772701680,+3.50,+15.350, +7.274,+0.904
1772701980,+3.50,+15.341, +7.274,+0.904
1772702280,+3.50,+15.341, +7.267,+0.904
1772702580,+3.50,+15.324, +7.261,+0.904
1772702880,+3.50,+15.315, +7.259,+0.904
1772703180,+3.50,+15.298, +7.261,+0.905
1772703480,+3.50,+15.273, +7.260,+0.905
1772703780,+3.50,+15.264, +7.257,+0.905
1772704080,+3.50,+15.255, +7.106,+0.904
1772704380,+3.50,+15.247, +7.013,+0.904
1772704680,+3.50,+15.255, +6.941,+0.904
1772704980,+3.50,+15.221, +6.893,+0.904
1772705280,+3.50,+15.230, +6.851,+0.905
1772705580,+3.50,+15.221, +6.822,+0.904
1772705880,+3.50,+15.195, +6.803,+0.904
1772706180,+3.50,+15.195, +6.794,+0.905
1772706480,+3.50,+15.178, +6.787,+0.905
1772706780,+3.50,+15.178, +6.774,+0.904
1772707080,+3.50,+15.169, +6.771,+0.904
1772707380,+3.50,+15.161, +6.771,+0.904
1772707680,+3.50,+15.144, +6.773,+0.904
1772707980,+3.50,+15.135, +6.773,+0.904
1772708280,+3.50,+15.109, +6.775,+0.904
1772708580,+3.50,+15.118, +6.774,+0.905
1772708880,+3.50,+15.101, +6.773,+0.904
1772709180,+3.50,+15.083, +6.780,+0.904
1772709480,+3.50,+15.083, +6.782,+0.905
1772709780,+3.50,+15.101, +6.769,+0.904
1772710080,+3.50,+15.066, +6.784,+0.905
1772710380,+3.50,+15.092, +6.774,+0.904
1772710680,+3.50,+15.058, +6.783,+0.905
1772710980,+3.50,+15.058, +6.788,+0.905
1772711280,+3.50,+15.040, +6.795,+0.905
1772711580,+3.50,+15.032, +6.802,+0.905
1772711880,+3.50,+15.023, +6.807,+0.905
1772712180,+3.50,+15.006, +6.811,+0.904
1772712480,+3.50,+14.980, +6.824,+0.905
1772712780,+3.50,+14.972, +6.827,+0.905
1772713080,+3.50,+14.963, +6.833,+0.905
1772713380,+3.50,+14.954, +6.835,+0.905
1772713680,+3.50,+14.946, +6.836,+0.905
1772713980,+3.50,+14.920, +6.840,+0.904
1772714280,+3.50,+14.929, +6.841,+0.904
1772714580,+3.50,+14.903, +6.851,+0.905
1772714880,+3.50,+14.886, +6.861,+0.905
1772715180,+3.50,+14.903, +6.860,+0.905
1772715480,+3.50,+14.886, +6.868,+0.905
1772715780,+3.50,+14.877, +6.871,+0.905
1772716080,+3.50,+14.877, +6.878,+0.905
1772716380,+3.50,+14.868, +6.873,+0.904
1772716680,+3.50,+14.868, +6.885,+0.905
1772716980,+3.50,+14.877, +6.887,+0.905
1772717280,+3.50,+14.860, +6.893,+0.905
1772717580,+3.50,+14.860, +6.893,+0.904
1772717880,+3.50,+14.851, +6.905,+0.905
1772718180,+3.50,+14.868, +6.907,+0.905
1772718480,+3.50,+14.868, +6.915,+0.905
1772718780,+3.50,+14.834, +6.922,+0.905
1772719080,+3.50,+14.834, +6.928,+0.905
1772719380,+3.50,+14.825, +6.936,+0.905
1772719680,+3.50,+14.825, +6.935,+0.904
1772719980,+3.50,+14.799, +6.956,+0.905
1772720280,+3.50,+14.799, +6.953,+0.904
1772720580,+3.50,+14.765, +6.972,+0.905
1772720880,+3.50,+14.756, +6.980,+0.905
1772721180,+3.50,+14.765, +6.989,+0.905
1772721480,+3.50,+14.730, +6.997,+0.904
1772721780,+3.50,+14.722, +7.008,+0.905
1772722080,+3.50,+14.713, +7.017,+0.905
1772722380,+3.50,+14.696, +7.034,+0.905
1772722680,+3.50,+14.679, +7.045,+0.905
1772722980,+3.50,+14.670, +7.051,+0.905
1772723280,+3.50,+14.661, +7.066,+0.905
1772723580,+3.50,+14.661, +7.061,+0.904
1772723880,+3.50,+14.618, +7.090,+0.905
1772724180,+3.50,+14.610, +7.105,+0.905
1772724480,+3.50,+14.601, +7.111,+0.905
1772724780,+3.50,+14.618, +7.124,+0.905
1772725080,+3.50,+14.601, +7.135,+0.905
1772725380,+3.50,+14.592, +7.139,+0.905
1772725680,+3.50,+14.592, +7.163,+0.905
1772725980,+3.50,+14.584, +7.169,+0.905
1772726280,+3.50,+14.592, +7.182,+0.905
1772726580,+3.50,+14.584, +7.203,+0.905
1772726880,+3.50,+14.558, +7.219,+0.905
1772727180,+3.50,+14.566, +7.234,+0.905
1772727480,+3.50,+14.575, +7.250,+0.905
1772727780,+3.50,+14.566, +7.278,+0.906
1772728080,+3.50,+14.575, +7.285,+0.905
1772728380,+3.50,+14.575, +7.307,+0.905
1772728680,+3.50,+14.558, +3.756,+0.905
1772728980,+3.50,+14.575, +3.964,+0.905
1772729280,+3.50,+14.601, +4.155,+0.906
1772729580,+3.50,+14.610, +4.334,+0.905
1772729880,+3.50,+14.618, +4.516,+0.906
1772730180,+3.50,+14.627, +4.659,+0.906
1772730480,+3.50,+14.627, +4.813,+0.905
1772730780,+3.50,+14.644, +4.968,+0.905
1772731080,+3.50,+14.661, +5.107,+0.905
1772731380,+3.50,+14.679, +5.238,+0.905
1772731680,+3.50,+14.679, +5.374,+0.905
1772731980,+3.50,+14.704, +5.481,+0.905
1772732280,+3.50,+14.713, +5.602,+0.905
1772732580,+3.50,+14.748, +5.707,+0.905
1772732880,+3.50,+14.765, +5.809,+0.905
1772733180,+3.50,+14.782, +5.916,+0.905
1772733480,+3.50,+14.817, +6.005,+0.905
1772733780,+3.50,+14.817, +6.096,+0.905
1772734080,+3.50,+14.842, +6.182,+0.905
1772734380,+3.50,+14.860, +6.279,+0.905
1772734680,+3.50,+14.903, +6.361,+0.905
1772734980,+3.50,+14.911, +6.442,+0.905
1772735280,+3.50,+14.954, +6.510,+0.904
1772735580,+3.50,+14.954, +6.599,+0.905
1772735880,+3.50,+14.980, +6.681,+0.905
1772736180,+3.50,+15.015, +6.751,+0.905
1772736480,+3.50,+15.032, +6.828,+0.905
1772736780,+3.50,+15.066, +6.902,+0.905
1772737080,+3.50,+15.101, +6.958,+0.905
1772737380,+3.50,+15.118, +7.026,+0.905
1772737680,+3.50,+15.144, +7.092,+0.905
1772737980,+3.50,+15.169, +7.148,+0.904
1772738280,+3.50,+15.195, +7.208,+0.905
1772738580,+3.50,+15.204, +7.270,+0.905
1772738880,+3.50,+15.247, +7.320,+0.904
1772739180,+3.50,+15.273, +7.379,+0.904
1772739480,+3.50,+15.298, +7.443,+0.905
1772739780,+3.50,+15.324, +7.510,+0.905
1772740080,+3.50,+15.350, +7.561,+0.905
1772740380,+3.50,+15.375, +7.618,+0.904
1772740680,+3.50,+15.401, +7.674,+0.904
1772740980,+3.50,+15.436, +7.714,+0.905
1772741280,+3.50,+15.436, +7.769,+0.904
1772741580,+3.50,+15.461, +7.811,+0.904
1772741880,+3.50,+15.487, +7.861,+0.905
1772742180,+3.50,+15.513, +7.903,+0.904
1772742480,+3.50,+15.538, +7.947,+0.904
1772742780,+3.50,+15.573, +7.980,+0.904
1772743080,+3.50,+15.573, +8.040,+0.905
1772743380,+3.50,+15.581, +8.071,+0.904
1772743680,+3.50,+15.624, +8.112,+0.904
1772743980,+3.50,+15.624, +8.148,+0.904
1772744280,+3.50,+15.667, +8.172,+0.904
1772744580,+3.50,+15.684, +8.212,+0.904
1772744880,+3.50,+15.701, +8.242,+0.904
1772745180,+3.49,+15.718, +8.277,+0.904
1772745480,+3.49,+15.744, +8.301,+0.904
1772745780,+3.50,+15.752, +8.330,+0.904
1772746080,+3.50,+15.761, +8.366,+0.904
1772746380,+3.50,+15.769, +8.394,+0.904
1772746680,+3.50,+15.804, +8.417,+0.904
1772746980,+3.50,+15.804, +8.446,+0.904
1772747280,+3.50,+15.829, +8.471,+0.904
1772747580,+3.50,+15.829, +8.501,+0.904
1772747880,+3.50,+15.846, +8.525,+0.904
1772748180,+3.50,+15.863, +8.553,+0.904
1772748480,+3.50,+15.863, +8.574,+0.904
1772748780,+3.50,+15.889, +8.589,+0.904
1772749080,+3.50,+15.906, +8.610,+0.904
1772749380,+3.50,+15.906, +8.629,+0.904
1772749680,+3.50,+15.906, +8.657,+0.904
1772749980,+3.50,+15.915, +8.685,+0.904
1772750280,+3.50,+15.932, +8.704,+0.904
1772750580,+3.50,+15.940, +8.724,+0.904
1772750880,+3.50,+15.966, +8.743,+0.904
1772751180,+3.50,+15.949, +8.755,+0.904
1772751480,+3.50,+15.966, +8.780,+0.904
1772751780,+3.50,+15.974, +8.783,+0.904
1772752080,+3.50,+15.991, +8.808,+0.904
1772752380,+3.50,+15.991, +8.827,+0.904
