7450-234573
OS REV: 1.05 Sensor Cal: 1705525947
Time (sec),  BV (Volts),  T (deg C),  DO (mg/l),  Q ()
1769201700,+3.46,+10.678, +2.452,+0.947
1769202000,+3.46,+10.697, +2.499,+0.946
1769202300,+3.46,+10.733, +2.539,+0.946
1769202600,+3.46,+10.733, +2.579,+0.947
1769202900,+3.46,+10.742, +2.620,+0.947
1769203200,+3.46,+10.760, +2.648,+0.947
1769203500,+3.46,+10.769, +2.669,+0.947
1769203800,+3.46,+10.778, +2.683,+0.947
1769204100,+3.46,+10.823, +2.699,+0.946
1769204400,+3.46,+10.841, +2.721,+0.947
1769204700,+3.46,+10.850, +2.741,+0.947
1769205000,+3.46,+10.896, +2.758,+0.946
1769205300,+3.46,+10.923, +2.780,+0.947
1769205600,+3.46,+10.950, +2.808,+0.947
1769205900,+3.46,+11.004, +2.827,+0.947
1769206200,+3.46,+11.022, +2.840,+0.946
1769206500,+3.46,+11.022, +2.861,+0.947
1769206800,+3.46,+11.004, +2.883,+0.946
1769207100,+3.46,+10.995, +2.912,+0.947
1769207400,+3.46,+11.022, +2.935,+0.946
1769207700,+3.46,+11.067, +2.960,+0.947
1769208000,+3.46,+11.094, +2.985,+0.947
1769208300,+3.46,+11.103, +3.013,+0.947
1769208600,+3.46,+11.121, +3.035,+0.947
1769208900,+3.46,+11.103, +3.058,+0.947
1769209200,+3.46,+11.112, +3.079,+0.947
1769209500,+3.46,+11.103, +3.096,+0.946
1769209800,+3.46,+11.130, +3.111,+0.947
1769210100,+3.46,+11.130, +3.130,+0.947
1769210400,+3.46,+11.139, +3.146,+0.947
1769210700,+3.46,+11.130, +3.165,+0.947
1769211000,+3.46,+11.148, +3.174,+0.947
1769211300,+3.46,+11.157, +3.182,+0.947
1769211600,+3.46,+11.139, +3.203,+0.947
1769211900,+3.46,+11.121, +3.218,+0.947
1769212200,+3.46,+11.148, +3.226,+0.946
1769212500,+3.46,+11.148, +3.239,+0.947
1769212800,+3.46,+11.139, +3.254,+0.947
1769213100,+3.46,+11.121, +3.254,+0.946
1769213400,+3.46,+11.076, +3.276,+0.947
1769213700,+3.46,+11.040, +3.299,+0.946
1769214000,+3.46,+11.040, +3.314,+0.947
1769214300,+3.46,+11.049, +3.324,+0.946
1769214600,+3.46,+11.040, +3.350,+0.947
1769214900,+3.46,+11.058, +3.378,+0.947
1769215200,+3.46,+11.031, +3.413,+0.947
1769215500,+3.46,+11.022, +3.432,+0.947
1769215800,+3.46,+11.013, +3.458,+0.947
1769216100,+3.46,+10.995, +3.491,+0.947
1769216400,+3.46,+10.968, +3.530,+0.947
1769216700,+3.46,+10.923, +3.567,+0.947
1769217000,+3.46,+10.932, +3.596,+0.947
1769217300,+3.46,+10.869, +3.638,+0.947
1769217600,+3.46,+10.850, +3.671,+0.947
1769217900,+3.46,+10.841, +3.697,+0.947
1769218200,+3.46,+10.832, +3.714,+0.947
1769218500,+3.46,+10.832, +3.728,+0.947
1769218800,+3.46,+10.832, +3.746,+0.947
1769219100,+3.46,+10.796, +3.762,+0.946
1769219400,+3.46,+10.778, +3.783,+0.947
1769219700,+3.46,+10.778, +3.795,+0.947
1769220000,+3.46,+10.769, +3.807,+0.947
1769220300,+3.46,+10.778, +3.812,+0.947
1769220600,+3.46,+10.778, +3.822,+0.947
1769220900,+3.46,+10.760, +3.830,+0.947
1769221200,+3.46,+10.760, +3.838,+0.947
1769221500,+3.46,+10.760, +3.846,+0.947
1769221800,+3.46,+10.760, +3.858,+0.947
1769222100,+3.46,+10.751, +3.872,+0.947
1769222400,+3.46,+10.751, +3.883,+0.947
1769222700,+3.46,+10.688, +3.904,+0.947
1769223000,+3.46,+10.678, +3.917,+0.947
1769223300,+3.46,+10.688, +3.925,+0.947
1769223600,+3.46,+10.624, +2.486,+0.947
1769223900,+3.46,+10.624, +2.545,+0.947
1769224200,+3.46,+10.597, +2.590,+0.947
1769224500,+3.46,+10.588, +2.622,+0.947
1769224800,+3.46,+10.597, +2.650,+0.947
1769225100,+3.46,+10.542, +2.681,+0.947
1769225400,+3.46,+10.570, +2.702,+0.947
1769225700,+3.46,+10.561, +2.726,+0.947
1769226000,+3.46,+10.552, +2.754,+0.947
1769226300,+3.46,+10.524, +2.783,+0.947
1769226600,+3.46,+10.515, +2.811,+0.947
1769226900,+3.46,+10.524, +2.838,+0.947
1769227200,+3.46,+10.524, +2.867,+0.947
1769227500,+3.46,+10.524, +2.892,+0.947
1769227800,+3.46,+10.497, +2.917,+0.947
1769228100,+3.46,+10.497, +2.944,+0.947
1769228400,+3.46,+10.488, +2.961,+0.947
1769228700,+3.46,+10.479, +2.986,+0.947
1769229000,+3.46,+10.470, +3.007,+0.947
1769229300,+3.46,+10.470, +2.804,+0.947
1769229600,+3.46,+10.452, +2.766,+0.947
1769229900,+3.46,+10.442, +2.789,+0.947
1769230200,+3.46,+10.452, +2.807,+0.947
1769230500,+3.46,+10.442, +2.825,+0.947
1769230800,+3.46,+10.442, +2.843,+0.947
1769231100,+3.46,+10.415, +2.861,+0.947
1769231400,+3.46,+10.415, +2.877,+0.947
1769231700,+3.46,+10.415, +2.894,+0.947
1769232000,+3.46,+10.406, +2.906,+0.947
1769232300,+3.46,+10.397, +2.923,+0.947
1769232600,+3.46,+10.397, +2.929,+0.947
1769232900,+3.46,+10.370, +2.946,+0.947
1769233200,+3.46,+10.388, +2.954,+0.947
1769233500,+3.46,+10.370, +2.968,+0.947
1769233800,+3.46,+10.370, +2.979,+0.947
1769234100,+3.46,+10.370, +2.990,+0.947
1769234400,+3.46,+10.342, +3.003,+0.947
1769234700,+3.46,+10.352, +3.004,+0.947
1769235000,+3.46,+10.342, +3.009,+0.947
1769235300,+3.46,+10.342, +3.022,+0.947
1769235600,+3.46,+10.333, +3.028,+0.947
1769235900,+3.46,+10.324, +3.038,+0.947
1769236200,+3.46,+10.315, +3.071,+0.947
1769236500,+3.46,+10.342, +3.080,+0.947
1769236800,+3.46,+10.306, +3.096,+0.947
1769237100,+3.46,+10.324, +3.104,+0.947
1769237400,+3.46,+10.315, +3.114,+0.947
1769237700,+3.46,+10.297, +3.127,+0.947
1769238000,+3.46,+10.288, +3.140,+0.947
1769238300,+3.46,+10.297, +3.148,+0.947
1769238600,+3.46,+10.288, +3.161,+0.947
1769238900,+3.46,+10.270, +3.172,+0.947
1769239200,+3.46,+10.260, +3.187,+0.947
1769239500,+3.46,+10.260, +3.200,+0.947
1769239800,+3.46,+10.270, +3.209,+0.947
1769240100,+3.46,+10.260, +3.225,+0.947
1769240400,+3.46,+10.251, +3.244,+0.947
1769240700,+3.46,+10.251, +3.261,+0.947
1769241000,+3.46,+10.215, +3.283,+0.947
1769241300,+3.46,+10.242, +3.295,+0.947
1769241600,+3.46,+10.206, +3.319,+0.947
1769241900,+3.46,+10.187, +3.333,+0.947
1769242200,+3.47,+10.206, +3.350,+0.947
1769242500,+3.46,+10.197, +3.363,+0.947
1769242800,+3.46,+10.197, +3.377,+0.947
1769243100,+3.46,+10.206, +3.394,+0.947
1769243400,+3.46,+10.197, +3.410,+0.948
1769243700,+3.46,+10.178, +3.422,+0.947
1769244000,+3.46,+10.178, +3.437,+0.947
1769244300,+3.46,+10.160, +3.450,+0.947
1769244600,+3.46,+10.160, +3.456,+0.947
1769244900,+3.46,+10.151, +3.468,+0.947
1769245200,+3.46,+10.142, +3.483,+0.947
1769245500,+3.46,+10.114, +3.497,+0.947
1769245800,+3.46,+10.114, +3.511,+0.947
1769246100,+3.46,+10.124, +3.520,+0.947
1769246400,+3.46,+10.124, +3.532,+0.947
1769246700,+3.46,+10.096, +3.545,+0.947
1769247000,+3.46,+10.087, +3.555,+0.947
1769247300,+3.46,+10.069, +3.568,+0.948
1769247600,+3.46,+10.069, +3.572,+0.947
1769247900,+3.46,+10.060, +3.582,+0.948
1769248200,+3.46,+10.041, +3.590,+0.948
1769248500,+3.46,+10.032, +3.596,+0.948
1769248800,+3.46,+10.023, +3.606,+0.948
1769249100,+3.46,+10.023, +3.609,+0.948
1769249400,+3.46,+10.014, +3.611,+0.947
1769249700,+3.46, +9.995, +3.616,+0.948
1769250000,+3.46, +9.995, +3.616,+0.947
1769250300,+3.46, +9.977, +3.619,+0.947
1769250600,+3.46, +9.977, +3.616,+0.948
1769250900,+3.46, +9.950, +3.620,+0.947
1769251200,+3.46, +9.941, +3.623,+0.948
1769251500,+3.46, +9.950, +3.620,+0.948
1769251800,+3.46, +9.959, +3.617,+0.948
1769252100,+3.46, +9.950, +3.617,+0.948
1769252400,+3.46, +9.977, +3.609,+0.948
1769252700,+3.46, +9.968, +3.612,+0.948
1769253000,+3.46, +9.959, +3.607,+0.948
1769253300,+3.46, +9.968, +3.604,+0.948
1769253600,+3.46, +9.941, +3.606,+0.948
1769253900,+3.46, +9.904, +3.615,+0.948
1769254200,+3.46, +9.913, +3.623,+0.948
1769254500,+3.46, +9.895, +3.636,+0.948
1769254800,+3.46, +9.867, +3.646,+0.948
1769255100,+3.46, +9.886, +3.652,+0.948
1769255400,+3.46, +9.886, +3.656,+0.948
1769255700,+3.46, +9.876, +3.662,+0.948
1769256000,+3.46, +9.849, +3.676,+0.948
1769256300,+3.46, +9.849, +3.682,+0.948
1769256600,+3.46, +9.858, +3.687,+0.947
1769256900,+3.46, +9.831, +3.702,+0.948
1769257200,+3.46, +9.831, +3.708,+0.948
1769257500,+3.46, +9.831, +3.716,+0.948
1769257800,+3.46, +9.803, +3.725,+0.947
1769258100,+3.46, +9.785, +3.732,+0.948
1769258400,+3.46, +9.794, +3.740,+0.948
1769258700,+3.46, +9.785, +3.746,+0.948
1769259000,+3.46, +9.748, +3.752,+0.948
1769259300,+3.46, +9.739, +3.760,+0.948
1769259600,+3.46, +9.720, +3.766,+0.947
1769259900,+3.46, +9.711, +3.771,+0.948
1769260200,+3.46, +9.702, +3.778,+0.948
1769260500,+3.46, +9.684, +3.788,+0.948
1769260800,+3.46, +9.656, +3.803,+0.948
1769261100,+3.46, +9.647, +3.810,+0.948
1769261400,+3.46, +9.619, +3.819,+0.947
1769261700,+3.46, +9.619, +3.829,+0.948
1769262000,+3.46, +9.592, +3.839,+0.948
1769262300,+3.46, +9.592, +3.846,+0.948
1769262600,+3.46, +9.564, +3.853,+0.948
1769262900,+3.46, +9.555, +3.855,+0.948
1769263200,+3.46, +9.518, +3.866,+0.948
1769263500,+3.46, +9.462, +3.876,+0.948
1769263800,+3.46, +9.426, +3.888,+0.948
1769264100,+3.46, +9.389, +3.898,+0.948
1769264400,+3.46, +9.361, +3.910,+0.948
1769264700,+3.46, +9.305, +3.923,+0.948
1769265000,+3.46, +9.278, +3.934,+0.948
1769265300,+3.46, +9.231, +3.943,+0.948
1769265600,+3.46, +9.250, +3.943,+0.948
1769265900,+3.46, +9.213, +3.953,+0.949
1769266200,+3.46, +9.185, +3.960,+0.949
1769266500,+3.46, +9.148, +3.965,+0.949
1769266800,+3.46, +9.129, +3.970,+0.949
1769267100,+3.46, +9.120, +3.976,+0.949
1769267400,+3.46, +9.074, +3.982,+0.949
1769267700,+3.46, +9.046, +3.990,+0.949
1769268000,+3.46, +9.018, +3.995,+0.949
1769268300,+3.46, +8.971, +4.001,+0.949
1769268600,+3.46, +8.953, +3.985,+0.949
1769268900,+3.46, +8.934, +3.924,+0.947
1769269200,+3.45, +8.897, +3.998,+0.949
1769269500,+3.46, +8.869, +4.001,+0.949
1769269800,+3.45, +8.860, +4.008,+0.949
1769270100,+3.46, +8.860, +4.003,+0.949
1769270400,+3.46, +8.776, +4.017,+0.949
1769270700,+3.46, +8.729, +4.036,+0.949
1769271000,+3.46, +8.766, +4.039,+0.949
1769271300,+3.46, +8.738, +4.048,+0.949
1769271600,+3.46, +8.729, +4.054,+0.948
1769271900,+3.46, +8.710, +4.063,+0.948
1769272200,+3.46, +8.673, +4.072,+0.948
1769272500,+3.46, +8.673, +4.083,+0.948
1769272800,+3.46, +8.673, +4.094,+0.948
1769273100,+3.46, +8.701, +4.103,+0.948
1769273400,+3.46, +8.748, +4.109,+0.948
1769273700,+3.46, +8.776, +4.123,+0.948
1769274000,+3.46, +8.794, +4.133,+0.948
1769274300,+3.46, +8.822, +4.145,+0.947
1769274600,+3.46, +8.906, +4.144,+0.947
1769274900,+3.46, +8.981, +4.148,+0.947
1769275200,+3.46, +9.064, +4.151,+0.947
1769275500,+3.46, +9.139, +4.151,+0.946
1769275800,+3.46, +9.166, +4.167,+0.946
1769276100,+3.46, +9.241, +4.167,+0.946
1769276400,+3.46, +9.287, +4.178,+0.946
1769276700,+3.46, +9.342, +4.197,+0.946
1769277000,+3.46, +9.426, +4.211,+0.946
1769277300,+3.46, +9.490, +4.228,+0.946
1769277600,+3.46, +9.555, +4.247,+0.946
1769277900,+3.46, +9.628, +4.267,+0.946
1769278200,+3.46, +9.702, +4.297,+0.946
1769278500,+3.46, +9.775, +4.335,+0.946
1769278800,+3.46, +9.867, +4.352,+0.946
1769279100,+3.46, +9.959, +4.373,+0.946
1769279400,+3.46,+10.014, +4.402,+0.945
1769279700,+3.46,+10.105, +4.432,+0.946
1769280000,+3.46,+10.178, +4.454,+0.946
1769280300,+3.46,+10.215, +4.500,+0.946
1769280600,+3.46,+10.279, +4.540,+0.946
1769280900,+3.46,+10.397, +4.580,+0.946
1769281200,+3.46,+10.461, +4.616,+0.946
1769281500,+3.46,+10.624, +4.653,+0.946
1769281800,+3.46,+10.669, +4.711,+0.945
1769282100,+3.46,+10.715, +4.764,+0.945
1769282400,+3.46,+10.778, +4.810,+0.945
1769282700,+3.46,+10.805, +4.860,+0.945
1769283000,+3.46,+10.878, +4.903,+0.945
1769283300,+3.46,+10.968, +4.949,+0.945
1769283600,+3.46,+11.085, +4.978,+0.944
1769283900,+3.46,+11.220, +5.007,+0.944
1769284200,+3.46,+11.328, +5.051,+0.944
1769284500,+3.46,+11.418, +5.089,+0.944
1769284800,+3.46,+11.552, +5.131,+0.944
1769285100,+3.46,+11.668, +5.187,+0.944
1769285400,+3.46,+11.784, +5.237,+0.944
1769285700,+3.46,+11.856, +5.303,+0.944
1769286000,+3.46,+11.972, +5.359,+0.944
1769286300,+3.46,+12.069, +5.411,+0.944
1769286600,+3.46,+12.185, +5.467,+0.944
1769286900,+3.46,+12.265, +5.516,+0.944
1769287200,+3.46,+12.389, +5.558,+0.944
1769287500,+3.47,+12.469, +5.615,+0.944
1769287800,+3.47,+12.601, +5.653,+0.944
1769288100,+3.47,+12.698, +5.708,+0.944
