7450-234573
OS REV: 1.05 Sensor Cal: 1705525947
Time (sec),  BV (Volts),  T (deg C),  DO (mg/l),  Q ()
1767641100,+3.46,+11.534, +9.517,+0.947
1767641400,+3.46,+11.534, +9.497,+0.947
1767641700,+3.46,+11.552, +9.493,+0.947
1767642000,+3.46,+11.552, +9.502,+0.947
1767642300,+3.46,+11.525, +9.516,+0.948
1767642600,+3.46,+11.552, +9.493,+0.947
1767642900,+3.46,+11.516, +9.514,+0.947
1767643200,+3.46,+11.543, +9.489,+0.947
1767643500,+3.46,+11.534, +9.506,+0.947
1767643800,+3.47,+11.543, +9.498,+0.947
1767644100,+3.46,+11.543, +9.499,+0.947
1767644400,+3.47,+11.570, +9.489,+0.947
1767644700,+3.47,+11.561, +9.488,+0.947
1767645000,+3.46,+11.525, +9.512,+0.947
1767645300,+3.46,+11.543, +9.502,+0.947
1767645600,+3.47,+11.570, +9.498,+0.947
1767645900,+3.47,+11.552, +9.498,+0.947
1767646200,+3.46,+11.552, +9.500,+0.947
1767646500,+3.47,+11.543, +9.501,+0.947
1767646800,+3.47,+11.543, +9.511,+0.948
1767647100,+3.46,+11.543, +9.485,+0.947
1767647400,+3.46,+11.552, +9.495,+0.947
1767647700,+3.47,+11.543, +9.485,+0.946
1767648000,+3.47,+11.543, +9.474,+0.946
1767648300,+3.46,+11.552, +9.479,+0.946
1767648600,+3.46,+11.561, +9.484,+0.947
1767648900,+3.47,+11.552, +9.489,+0.947
1767649200,+3.47,+11.543, +9.476,+0.946
1767649500,+3.47,+11.534, +9.500,+0.947
1767649800,+3.46,+11.534, +9.492,+0.947
1767650100,+3.46,+11.543, +9.483,+0.947
1767650400,+3.47,+11.525, +9.489,+0.947
1767650700,+3.47,+11.543, +9.480,+0.947
1767651000,+3.47,+11.543, +9.465,+0.947
1767651300,+3.47,+11.534, +9.481,+0.947
1767651600,+3.47,+11.543, +9.464,+0.947
1767651900,+3.47,+11.543, +9.464,+0.946
1767652200,+3.47,+11.552, +9.464,+0.947
1767652500,+3.47,+11.525, +9.484,+0.947
1767652800,+3.47,+11.534, +9.463,+0.946
1767653100,+3.47,+11.543, +9.466,+0.947
1767653400,+3.47,+11.543, +9.463,+0.947
1767653700,+3.47,+11.525, +9.467,+0.947
1767654000,+3.47,+11.543, +9.458,+0.947
1767654300,+3.47,+11.552, +9.445,+0.947
1767654600,+3.47,+11.543, +9.461,+0.948
1767654900,+3.47,+11.534, +9.458,+0.947
1767655200,+3.47,+11.516, +9.450,+0.947
1767655500,+3.47,+11.543, +9.430,+0.947
1767655800,+3.47,+11.516, +9.446,+0.947
1767656100,+3.47,+11.543, +9.440,+0.947
1767656400,+3.47,+11.543, +9.422,+0.946
1767656700,+3.47,+11.516, +9.440,+0.947
1767657000,+3.47,+11.534, +9.432,+0.947
1767657300,+3.47,+11.534, +9.438,+0.947
1767657600,+3.47,+11.525, +9.426,+0.947
1767657900,+3.47,+11.525, +9.429,+0.947
1767658200,+3.47,+11.507, +9.430,+0.947
1767658500,+3.47,+11.516, +9.415,+0.947
1767658800,+3.47,+11.516, +9.422,+0.947
1767659100,+3.47,+11.543, +9.401,+0.947
1767659400,+3.47,+11.507, +9.418,+0.947
1767659700,+3.47,+11.534, +9.417,+0.947
1767660000,+3.47,+11.516, +9.416,+0.947
1767660300,+3.47,+11.525, +9.395,+0.947
1767660600,+3.47,+11.516, +9.389,+0.947
1767660900,+3.47,+11.507, +9.402,+0.947
1767661200,+3.47,+11.516, +9.409,+0.947
1767661500,+3.47,+11.489, +9.405,+0.947
1767661800,+3.47,+11.507, +9.392,+0.947
1767662100,+3.47,+11.516, +9.380,+0.946
1767662400,+3.47,+11.507, +9.378,+0.947
1767662700,+3.47,+11.507, +9.399,+0.947
1767663000,+3.47,+11.489, +9.398,+0.947
1767663300,+3.47,+11.489, +9.389,+0.947
1767663600,+3.47,+11.489, +9.375,+0.947
1767663900,+3.47,+11.507, +9.368,+0.947
1767664200,+3.47,+11.498, +9.366,+0.947
1767664500,+3.47,+11.471, +9.386,+0.947
1767664800,+3.47,+11.489, +9.369,+0.947
1767665100,+3.47,+11.498, +9.380,+0.947
1767665400,+3.47,+11.462, +9.380,+0.947
1767665700,+3.47,+11.498, +9.375,+0.947
1767666000,+3.47,+11.489, +9.365,+0.947
1767666300,+3.47,+11.498, +9.340,+0.947
1767666600,+3.47,+11.498, +9.350,+0.947
1767666900,+3.47,+11.489, +9.350,+0.946
1767667200,+3.47,+11.489, +9.342,+0.947
1767667500,+3.47,+11.480, +9.354,+0.947
1767667800,+3.47,+11.480, +9.348,+0.947
1767668100,+3.47,+11.480, +9.337,+0.947
1767668400,+3.47,+11.480, +9.344,+0.947
1767668700,+3.47,+11.507, +9.319,+0.947
1767669000,+3.47,+11.480, +9.352,+0.947
1767669300,+3.47,+11.489, +9.337,+0.947
1767669600,+3.47,+11.489, +9.322,+0.947
1767669900,+3.47,+11.498, +9.319,+0.947
1767670200,+3.47,+11.489, +9.331,+0.947
1767670500,+3.47,+11.489, +9.329,+0.947
1767670800,+3.47,+11.480, +9.322,+0.947
1767671100,+3.47,+11.480, +9.312,+0.946
1767671400,+3.47,+11.480, +9.317,+0.946
1767671700,+3.47,+11.480, +9.318,+0.947
1767672000,+3.47,+11.480, +9.296,+0.947
1767672300,+3.47,+11.480, +9.309,+0.946
1767672600,+3.47,+11.471, +9.329,+0.947
1767672900,+3.47,+11.471, +9.310,+0.947
1767673200,+3.47,+11.480, +9.304,+0.947
1767673500,+3.47,+11.480, +9.330,+0.948
1767673800,+3.47,+11.480, +9.303,+0.947
1767674100,+3.47,+11.489, +9.296,+0.947
1767674400,+3.47,+11.498, +9.308,+0.947
1767674700,+3.47,+11.480, +9.312,+0.947
1767675000,+3.47,+11.471, +9.294,+0.947
1767675300,+3.47,+11.489, +9.298,+0.947
1767675600,+3.47,+11.480, +9.305,+0.947
1767675900,+3.47,+11.498, +9.290,+0.947
1767676200,+3.47,+11.507, +9.285,+0.947
1767676500,+3.47,+11.498, +9.272,+0.947
1767676800,+3.47,+11.471, +9.278,+0.947
1767677100,+3.47,+11.480, +9.274,+0.947
1767677400,+3.47,+11.507, +9.260,+0.947
1767677700,+3.47,+11.480, +9.280,+0.947
1767678000,+3.47,+11.480, +9.282,+0.947
1767678300,+3.47,+11.489, +9.265,+0.947
1767678600,+3.47,+11.489, +9.255,+0.947
1767678900,+3.47,+11.507, +9.258,+0.947
1767679200,+3.47,+11.480, +9.242,+0.946
1767679500,+3.47,+11.498, +9.234,+0.947
1767679800,+3.47,+11.498, +9.244,+0.947
1767680100,+3.47,+11.516, +9.229,+0.947
1767680400,+3.47,+11.471, +9.242,+0.947
1767680700,+3.47,+11.489, +9.219,+0.947
1767681000,+3.47,+11.498, +9.208,+0.947
1767681300,+3.47,+11.498, +9.193,+0.947
1767681600,+3.47,+11.507, +9.180,+0.946
1767681900,+3.47,+11.498, +9.191,+0.947
1767682200,+3.47,+11.489, +9.172,+0.947
1767682500,+3.47,+11.516, +9.158,+0.946
1767682800,+3.47,+11.507, +9.170,+0.947
1767683100,+3.47,+11.498, +9.153,+0.947
1767683400,+3.47,+11.507, +9.161,+0.947
1767683700,+3.47,+11.507, +9.142,+0.947
1767684000,+3.47,+11.498, +9.140,+0.947
1767684300,+3.47,+11.462, +9.145,+0.947
1767684600,+3.47,+11.480, +9.138,+0.947
1767684900,+3.47,+11.498, +9.137,+0.947
1767685200,+3.47,+11.498, +9.118,+0.947
1767685500,+3.47,+11.498, +9.113,+0.947
1767685800,+3.47,+11.498, +9.117,+0.947
1767686100,+3.47,+11.489, +9.103,+0.947
1767686400,+3.47,+11.480, +9.098,+0.947
1767686700,+3.47,+11.480, +9.085,+0.946
1767687000,+3.47,+11.480, +9.095,+0.947
1767687300,+3.47,+11.471, +9.083,+0.947
1767687600,+3.47,+11.489, +9.058,+0.946
1767687900,+3.47,+11.507, +9.073,+0.947
1767688200,+3.47,+11.471, +9.077,+0.947
1767688500,+3.47,+11.471, +9.092,+0.948
1767688800,+3.47,+11.462, +9.078,+0.947
1767689100,+3.47,+11.498, +9.067,+0.947
1767689400,+3.47,+11.454, +9.080,+0.947
1767689700,+3.47,+11.462, +9.083,+0.947
1767690000,+3.47,+11.462, +9.071,+0.947
1767690300,+3.47,+11.480, +9.054,+0.947
1767690600,+3.47,+11.471, +9.062,+0.947
1767690900,+3.47,+11.489, +9.045,+0.947
1767691200,+3.47,+11.471, +9.065,+0.947
1767691500,+3.47,+11.462, +9.035,+0.947
1767691800,+3.47,+11.480, +9.044,+0.947
1767692100,+3.47,+11.445, +9.040,+0.947
1767692400,+3.47,+11.471, +9.037,+0.947
1767692700,+3.47,+11.471, +9.027,+0.946
1767693000,+3.47,+11.471, +9.043,+0.947
1767693300,+3.47,+11.471, +9.011,+0.947
1767693600,+3.47,+11.462, +9.026,+0.947
1767693900,+3.47,+11.445, +9.043,+0.947
1767694200,+3.47,+11.462, +9.025,+0.947
1767694500,+3.47,+11.462, +9.008,+0.947
1767694800,+3.47,+11.445, +9.038,+0.947
1767695100,+3.47,+11.471, +8.997,+0.947
1767695400,+3.47,+11.454, +9.015,+0.947
1767695700,+3.47,+11.454, +9.011,+0.947
1767696000,+3.47,+11.454, +9.024,+0.947
1767696300,+3.47,+11.462, +9.000,+0.947
1767696600,+3.47,+11.445, +8.998,+0.947
1767696900,+3.47,+11.436, +9.009,+0.947
1767697200,+3.47,+11.445, +8.991,+0.947
1767697500,+3.47,+11.418, +9.002,+0.947
1767697800,+3.47,+11.436, +8.997,+0.947
1767698100,+3.47,+11.427, +9.010,+0.947
1767698400,+3.47,+11.436, +8.975,+0.946
1767698700,+3.47,+11.454, +8.970,+0.947
1767699000,+3.47,+11.427, +8.982,+0.947
1767699300,+3.47,+11.436, +8.977,+0.947
1767699600,+3.47,+11.427, +8.976,+0.947
1767699900,+3.47,+11.445, +8.964,+0.947
1767700200,+3.47,+11.427, +8.957,+0.947
1767700500,+3.47,+11.418, +8.965,+0.947
1767700800,+3.47,+11.427, +8.958,+0.946
1767701100,+3.47,+11.418, +8.944,+0.947
1767701400,+3.47,+11.427, +8.946,+0.947
1767701700,+3.47,+11.409, +8.947,+0.947
1767702000,+3.47,+11.400, +8.973,+0.947
1767702300,+3.47,+11.400, +8.916,+0.947
1767702600,+3.47,+11.400, +8.950,+0.947
1767702900,+3.47,+11.409, +8.939,+0.947
1767703200,+3.47,+11.400, +8.926,+0.947
1767703500,+3.47,+11.391, +8.925,+0.947
1767703800,+3.47,+11.400, +8.932,+0.947
1767704100,+3.47,+11.400, +8.934,+0.947
1767704400,+3.47,+11.373, +8.917,+0.947
1767704700,+3.47,+11.373, +8.952,+0.947
1767705000,+3.47,+11.382, +8.918,+0.947
1767705300,+3.47,+11.373, +8.939,+0.947
1767705600,+3.47,+11.355, +8.931,+0.947
1767705900,+3.47,+11.373, +8.930,+0.947
1767706200,+3.47,+11.373, +8.947,+0.947
1767706500,+3.47,+11.364, +8.927,+0.947
1767706800,+3.47,+11.373, +8.901,+0.947
1767707100,+3.47,+11.346, +8.932,+0.947
1767707400,+3.47,+11.355, +8.917,+0.947
1767707700,+3.47,+11.346, +8.930,+0.947
1767708000,+3.47,+11.355, +8.897,+0.947
1767708300,+3.47,+11.346, +8.906,+0.946
1767708600,+3.47,+11.364, +8.892,+0.946
1767708900,+3.47,+11.337, +8.890,+0.947
1767709200,+3.47,+11.346, +8.903,+0.947
1767709500,+3.47,+11.346, +8.914,+0.947
1767709800,+3.47,+11.319, +8.917,+0.947
1767710100,+3.47,+11.337, +8.918,+0.947
1767710400,+3.47,+11.346, +8.873,+0.946
1767710700,+3.47,+11.301, +8.921,+0.947
1767711000,+3.47,+11.319, +8.887,+0.947
1767711300,+3.47,+11.337, +8.887,+0.947
1767711600,+3.47,+11.310, +8.908,+0.947
1767711900,+3.47,+11.346, +8.896,+0.947
1767712200,+3.47,+11.310, +8.868,+0.946
1767712500,+3.46,+11.301, +8.907,+0.947
1767712800,+3.47,+11.292, +8.880,+0.947
1767713100,+3.46,+11.310, +8.871,+0.947
1767713400,+3.46,+11.310, +8.873,+0.947
1767713700,+3.47,+11.310, +8.865,+0.946
1767714000,+3.47,+11.292, +8.916,+0.946
1767714300,+3.46,+11.292, +8.876,+0.947
1767714600,+3.47,+11.301, +8.897,+0.947
1767714900,+3.47,+11.274, +8.907,+0.947
1767715200,+3.47,+11.265, +8.923,+0.947
1767715500,+3.46,+11.274, +8.920,+0.947
1767715800,+3.47,+11.283, +8.885,+0.947
1767716100,+3.46,+11.283, +8.915,+0.947
1767716400,+3.46,+11.283, +8.909,+0.947
1767716700,+3.46,+11.292, +8.905,+0.947
1767717000,+3.46,+11.283, +8.905,+0.947
1767717300,+3.46,+11.274, +8.923,+0.947
1767717600,+3.47,+11.274, +8.918,+0.947
1767717900,+3.46,+11.283, +8.889,+0.947
1767718200,+3.46,+11.265, +8.895,+0.946
1767718500,+3.46,+11.283, +8.911,+0.947
1767718800,+3.46,+11.274, +8.884,+0.947
1767719100,+3.46,+11.283, +8.863,+0.947
1767719400,+3.46,+11.274, +8.919,+0.947
1767719700,+3.46,+11.274, +8.876,+0.947
1767720000,+3.47,+11.292, +8.915,+0.947
1767720300,+3.47,+11.301, +8.828,+0.947
1767720600,+3.47,+11.301, +8.899,+0.947
1767720900,+3.46,+11.292, +8.889,+0.947
1767721200,+3.47,+11.301, +8.886,+0.947
1767721500,+3.46,+11.310, +8.909,+0.947
1767721800,+3.47,+11.319, +8.876,+0.947
1767722100,+3.47,+11.319, +8.923,+0.947
1767722400,+3.47,+11.319, +8.896,+0.947
1767722700,+3.47,+11.337, +8.923,+0.946
1767723000,+3.47,+11.310, +8.948,+0.947
1767723300,+3.47,+11.328, +8.931,+0.946
1767723600,+3.47,+11.319, +8.949,+0.947
1767723900,+3.47,+11.355, +8.902,+0.947
1767724200,+3.47,+11.355, +8.921,+0.947
1767724500,+3.47,+11.346, +8.908,+0.947
1767724800,+3.47,+11.364, +8.916,+0.947
1767725100,+3.47,+11.364, +8.952,+0.947
1767725400,+3.47,+11.373, +8.926,+0.947
1767725700,+3.47,+11.391, +8.927,+0.946
1767726000,+3.47,+11.400, +8.906,+0.947
1767726300,+3.47,+11.391, +8.932,+0.947
1767726600,+3.47,+11.418, +8.892,+0.947
1767726900,+3.47,+11.427, +8.944,+0.947
1767727200,+3.47,+11.427, +8.908,+0.947
1767727500,+3.47,+11.418, +8.901,+0.947
