7450-372515
OS REV: 1.05 Sensor Cal: 1705526694
Time (sec),  BV (Volts),  T (deg C),  DO (mg/l),  Q ()
1767042960,+3.48,+10.319, +8.899,+0.911
1767043260,+3.48,+10.310, +8.910,+0.911
1767043560,+3.48,+10.338, +8.897,+0.910
1767043860,+3.48,+10.329, +8.912,+0.911
1767044160,+3.48,+10.356, +8.905,+0.911
1767044460,+3.48,+10.310, +8.924,+0.911
1767044760,+3.48,+10.319, +8.921,+0.910
1767045060,+3.48,+10.319, +8.929,+0.911
1767045360,+3.48,+10.347, +8.923,+0.911
1767045660,+3.48,+10.356, +8.921,+0.911
1767045960,+3.48,+10.383, +8.921,+0.911
1767046260,+3.48,+10.374, +8.924,+0.911
1767046560,+3.48,+10.383, +8.918,+0.910
1767046860,+3.48,+10.392, +8.926,+0.911
1767047160,+3.48,+10.392, +8.925,+0.911
1767047460,+3.48,+10.392, +8.921,+0.910
1767047760,+3.48,+10.420, +8.924,+0.911
1767048060,+3.48,+10.429, +8.918,+0.910
1767048360,+3.48,+10.429, +8.919,+0.910
1767048660,+3.48,+10.429, +8.920,+0.910
1767048960,+3.48,+10.410, +8.937,+0.911
1767049260,+3.48,+10.420, +8.929,+0.910
1767049560,+3.48,+10.420, +8.941,+0.911
1767049860,+3.48,+10.401, +8.944,+0.911
1767050160,+3.48,+10.401, +8.947,+0.911
1767050460,+3.48,+10.410, +8.944,+0.911
1767050760,+3.48,+10.410, +8.943,+0.910
1767051060,+3.48,+10.401, +8.945,+0.910
1767051360,+3.48,+10.420, +8.940,+0.910
1767051660,+3.48,+10.420, +8.948,+0.910
1767051960,+3.48,+10.420, +8.951,+0.911
1767052260,+3.48,+10.410, +8.957,+0.911
1767052560,+3.48,+10.429, +8.951,+0.910
1767052860,+3.48,+10.429, +8.951,+0.911
1767053160,+3.48,+10.429, +8.956,+0.911
1767053460,+3.48,+10.438, +8.953,+0.911
1767053760,+3.48,+10.447, +8.950,+0.910
1767054060,+3.48,+10.438, +8.963,+0.911
1767054360,+3.48,+10.438, +8.947,+0.910
1767054660,+3.48,+10.438, +8.956,+0.910
1767054960,+3.48,+10.438, +8.953,+0.911
1767055260,+3.48,+10.420, +8.962,+0.911
1767055560,+3.48,+10.420, +8.965,+0.911
1767055860,+3.48,+10.392, +8.963,+0.910
1767056160,+3.48,+10.392, +8.967,+0.911
1767056460,+3.48,+10.392, +8.960,+0.910
1767056760,+3.48,+10.374, +8.966,+0.911
1767057060,+3.48,+10.392, +8.961,+0.911
1767057360,+3.48,+10.365, +8.972,+0.911
1767057660,+3.48,+10.365, +8.964,+0.911
1767057960,+3.48,+10.365, +8.963,+0.910
1767058260,+3.48,+10.356, +8.958,+0.910
1767058560,+3.49,+10.356, +8.966,+0.911
1767058860,+3.48,+10.347, +8.967,+0.911
1767059160,+3.48,+10.329, +8.969,+0.910
1767059460,+3.49,+10.338, +8.971,+0.911
1767059760,+3.48,+10.319, +8.978,+0.910
1767060060,+3.49,+10.338, +8.970,+0.911
1767060360,+3.48,+10.329, +8.963,+0.910
1767060660,+3.48,+10.274, +8.982,+0.911
1767060960,+3.49,+10.310, +8.963,+0.911
1767061260,+3.49,+10.292, +8.974,+0.911
1767061560,+3.49,+10.292, +8.967,+0.910
1767061860,+3.48,+10.274, +8.980,+0.911
1767062160,+3.48,+10.283, +8.967,+0.910
1767062460,+3.48,+10.265, +8.968,+0.910
1767062760,+3.49,+10.256, +8.980,+0.911
1767063060,+3.48,+10.228, +8.987,+0.911
1767063360,+3.49,+10.228, +8.982,+0.910
1767063660,+3.49,+10.228, +8.986,+0.911
1767063960,+3.49,+10.228, +8.991,+0.911
1767064260,+3.49,+10.238, +8.983,+0.911
1767064560,+3.49,+10.219, +8.985,+0.910
1767064860,+3.49,+10.201, +8.997,+0.911
1767065160,+3.49,+10.210, +8.987,+0.910
1767065460,+3.49,+10.219, +8.982,+0.910
1767065760,+3.49,+10.201, +9.003,+0.911
1767066060,+3.49,+10.201, +9.006,+0.911
1767066360,+3.49,+10.201, +9.003,+0.911
1767066660,+3.49,+10.192, +9.001,+0.911
1767066960,+3.49,+10.192, +9.002,+0.911
1767067260,+3.49,+10.174, +9.017,+0.911
1767067560,+3.48,+10.192, +9.009,+0.911
1767067860,+3.49,+10.174, +9.001,+0.910
1767068160,+3.48,+10.192, +8.994,+0.910
1767068460,+3.48,+10.165, +9.012,+0.911
1767068760,+3.48,+10.165, +9.009,+0.910
1767069060,+3.48,+10.183, +9.002,+0.911
1767069360,+3.48,+10.155, +9.007,+0.910
1767069660,+3.48,+10.165, +9.001,+0.910
1767069960,+3.48,+10.155, +9.006,+0.910
1767070260,+3.48,+10.155, +8.999,+0.910
1767070560,+3.48,+10.146, +9.008,+0.911
1767070860,+3.48,+10.137, +9.010,+0.910
1767071160,+3.48,+10.146, +9.012,+0.911
1767071460,+3.48,+10.137, +9.009,+0.911
1767071760,+3.48,+10.128, +9.011,+0.911
1767072060,+3.48,+10.137, +9.007,+0.910
1767072360,+3.48,+10.137, +9.011,+0.911
1767072660,+3.48,+10.137, +9.001,+0.910
1767072960,+3.48,+10.128, +9.004,+0.911
1767073260,+3.48,+10.101, +9.017,+0.911
1767073560,+3.48,+10.110, +9.019,+0.911
1767073860,+3.48,+10.128, +9.007,+0.910
1767074160,+3.48,+10.128, +9.010,+0.911
1767074460,+3.48,+10.119, +9.011,+0.910
1767074760,+3.48,+10.101, +9.021,+0.911
1767075060,+3.48,+10.119, +9.003,+0.910
1767075360,+3.48,+10.092, +9.021,+0.910
1767075660,+3.48,+10.082, +9.024,+0.911
1767075960,+3.48,+10.119, +9.012,+0.911
1767076260,+3.48,+10.110, +9.009,+0.910
1767076560,+3.48,+10.092, +9.011,+0.910
1767076860,+3.48,+10.082, +9.021,+0.910
1767077160,+3.48,+10.073, +9.024,+0.910
1767077460,+3.48,+10.073, +9.032,+0.911
1767077760,+3.48,+10.055, +9.035,+0.910
1767078060,+3.48,+10.064, +9.028,+0.911
1767078360,+3.48,+10.046, +9.033,+0.910
1767078660,+3.48,+10.046, +9.045,+0.911
1767078960,+3.48,+10.064, +9.033,+0.911
1767079260,+3.48,+10.064, +9.045,+0.911
1767079560,+3.48,+10.028, +9.050,+0.911
1767079860,+3.48,+10.037, +9.036,+0.910
1767080160,+3.48,+10.019, +9.044,+0.911
1767080460,+3.48,+10.028, +9.053,+0.911
1767080760,+3.48,+10.009, +9.054,+0.911
1767081060,+3.48,+10.028, +9.042,+0.910
1767081360,+3.48,+10.028, +9.052,+0.911
1767081660,+3.48,+10.019, +9.047,+0.911
1767081960,+3.48,+10.000, +9.056,+0.911
1767082260,+3.48,+10.019, +9.055,+0.911
1767082560,+3.48,+10.000, +9.063,+0.911
1767082860,+3.48,+10.019, +9.060,+0.911
1767083160,+3.48,+10.019, +9.052,+0.911
1767083460,+3.48,+10.019, +9.044,+0.910
1767083760,+3.48, +9.991, +9.057,+0.910
1767084060,+3.48,+10.019, +9.055,+0.911
1767084360,+3.48,+10.009, +9.067,+0.911
1767084660,+3.48,+10.009, +9.064,+0.911
1767084960,+3.48,+10.000, +9.070,+0.911
1767085260,+3.48,+10.009, +9.060,+0.910
1767085560,+3.48, +9.991, +9.075,+0.911
1767085860,+3.48,+10.019, +9.081,+0.911
1767086160,+3.48,+10.009, +9.069,+0.911
1767086460,+3.48, +9.991, +9.079,+0.911
1767086760,+3.48,+10.000, +9.069,+0.911
1767087060,+3.48,+10.000, +9.067,+0.911
1767087360,+3.48, +9.982, +9.089,+0.911
1767087660,+3.48, +9.991, +9.074,+0.911
1767087960,+3.48,+10.000, +9.084,+0.911
1767088260,+3.48, +9.982, +9.079,+0.910
1767088560,+3.48,+10.000, +9.076,+0.911
1767088860,+3.48, +9.991, +9.072,+0.910
1767089160,+3.48, +9.982, +9.083,+0.911
1767089460,+3.48, +9.982, +9.084,+0.911
1767089760,+3.48, +9.991, +9.070,+0.910
1767090060,+3.48, +9.964, +9.080,+0.910
1767090360,+3.48, +9.982, +9.077,+0.911
1767090660,+3.48, +9.982, +9.081,+0.911
1767090960,+3.48, +9.982, +9.071,+0.911
1767091260,+3.48, +9.954, +9.087,+0.911
1767091560,+3.48, +9.973, +9.072,+0.911
1767091860,+3.48, +9.991, +9.065,+0.911
1767092160,+3.48, +9.964, +9.083,+0.911
1767092460,+3.48, +9.954, +9.085,+0.911
1767092760,+3.48, +9.973, +9.080,+0.911
1767093060,+3.48, +9.964, +9.087,+0.911
1767093360,+3.48, +9.954, +9.086,+0.911
1767093660,+3.48, +9.973, +9.077,+0.911
1767093960,+3.48, +9.954, +9.088,+0.911
1767094260,+3.48, +9.945, +9.086,+0.911
1767094560,+3.48, +9.936, +9.098,+0.911
1767094860,+3.48, +9.936, +9.091,+0.911
1767095160,+3.48, +9.945, +9.092,+0.911
1767095460,+3.48, +9.954, +9.079,+0.910
1767095760,+3.48, +9.954, +9.072,+0.910
1767096060,+3.48, +9.964, +9.077,+0.910
1767096360,+3.48, +9.945, +9.084,+0.911
1767096660,+3.48, +9.936, +9.098,+0.911
1767096960,+3.48, +9.927, +9.090,+0.910
1767097260,+3.48, +9.954, +9.075,+0.910
1767097560,+3.48, +9.945, +9.083,+0.911
1767097860,+3.48, +9.954, +9.073,+0.911
1767098160,+3.48, +9.927, +9.079,+0.911
1767098460,+3.48, +9.936, +9.085,+0.911
1767098760,+3.48, +9.936, +9.077,+0.911
1767099060,+3.48, +9.945, +9.069,+0.911
1767099360,+3.48, +9.927, +9.078,+0.911
1767099660,+3.48, +9.909, +9.078,+0.910
1767099960,+3.48, +9.927, +9.076,+0.911
1767100260,+3.48, +9.936, +9.067,+0.911
1767100560,+3.48, +9.936, +9.069,+0.911
1767100860,+3.48, +9.927, +9.073,+0.911
1767101160,+3.48, +9.936, +9.068,+0.911
1767101460,+3.48, +9.927, +9.060,+0.911
1767101760,+3.48, +9.927, +9.068,+0.911
1767102060,+3.48, +9.927, +9.054,+0.910
1767102360,+3.48, +9.927, +9.054,+0.910
1767102660,+3.48, +9.918, +9.058,+0.910
1767102960,+3.48, +9.927, +9.056,+0.911
1767103260,+3.48, +9.909, +9.061,+0.911
1767103560,+3.48, +9.936, +9.048,+0.910
1767103860,+3.48, +9.936, +9.050,+0.910
1767104160,+3.48, +9.927, +9.052,+0.911
1767104460,+3.48, +9.918, +9.056,+0.911
1767104760,+3.48, +9.918, +9.049,+0.911
1767105060,+3.48, +9.909, +9.061,+0.911
1767105360,+3.48, +9.918, +9.046,+0.911
1767105660,+3.48, +9.918, +9.045,+0.910
1767105960,+3.48, +9.918, +9.049,+0.911
1767106260,+3.48, +9.900, +9.050,+0.911
1767106560,+3.48, +9.881, +9.053,+0.910
1767106860,+3.48, +9.900, +9.057,+0.911
1767107160,+3.48, +9.881, +9.061,+0.911
1767107460,+3.48, +9.890, +9.051,+0.911
1767107760,+3.48, +9.872, +9.060,+0.911
1767108060,+3.48, +9.872, +9.055,+0.911
1767108360,+3.48, +9.863, +9.061,+0.911
1767108660,+3.48, +9.854, +9.054,+0.910
1767108960,+3.48, +9.863, +9.060,+0.911
1767109260,+3.48, +9.863, +9.060,+0.911
1767109560,+3.48, +9.845, +9.073,+0.911
1767109860,+3.48, +9.845, +9.052,+0.910
1767110160,+3.48, +9.854, +9.056,+0.911
1767110460,+3.48, +9.835, +9.059,+0.910
1767110760,+3.48, +9.845, +9.048,+0.910
1767111060,+3.48, +9.845, +9.057,+0.911
1767111360,+3.48, +9.826, +9.067,+0.911
1767111660,+3.48, +9.835, +9.056,+0.911
1767111960,+3.48, +9.845, +9.049,+0.911
1767112260,+3.48, +9.826, +9.057,+0.911
1767112560,+3.48, +9.826, +9.054,+0.910
1767112860,+3.48, +9.826, +9.065,+0.911
1767113160,+3.48, +9.817, +9.055,+0.910
1767113460,+3.48, +9.835, +9.059,+0.911
1767113760,+3.48, +9.835, +9.046,+0.910
1767114060,+3.48, +9.808, +9.064,+0.911
1767114360,+3.48, +9.835, +9.051,+0.910
1767114660,+3.48, +9.835, +9.051,+0.911
1767114960,+3.48, +9.826, +9.061,+0.911
1767115260,+3.48, +9.854, +9.052,+0.911
1767115560,+3.48, +9.826, +9.054,+0.911
1767115860,+3.48, +9.826, +9.062,+0.911
1767116160,+3.48, +9.826, +9.053,+0.910
1767116460,+3.48, +9.835, +9.055,+0.911
1767116760,+3.48, +9.826, +9.059,+0.911
1767117060,+3.48, +9.835, +9.048,+0.910
1767117360,+3.48, +9.826, +9.054,+0.910
1767117660,+3.48, +9.845, +9.048,+0.911
1767117960,+3.48, +9.845, +9.049,+0.911
1767118260,+3.48, +9.835, +9.057,+0.911
1767118560,+3.48, +9.826, +9.054,+0.911
1767118860,+3.48, +9.845, +9.047,+0.911
1767119160,+3.48, +9.835, +9.056,+0.911
1767119460,+3.48, +9.808, +9.059,+0.911
1767119760,+3.48, +9.817, +9.049,+0.910
1767120060,+3.48, +9.817, +9.050,+0.911
1767120360,+3.48, +9.845, +9.026,+0.910
1767120660,+3.48, +9.835, +9.028,+0.910
1767120960,+3.48, +9.808, +9.043,+0.911
1767121260,+3.48, +9.817, +9.045,+0.911
1767121560,+3.48, +9.835, +9.026,+0.910
1767121860,+3.48, +9.817, +9.033,+0.911
1767122160,+3.48, +9.845, +9.027,+0.911
1767122460,+3.48, +9.826, +9.028,+0.910
1767122760,+3.48, +9.808, +9.035,+0.911
1767123060,+3.48, +9.808, +9.027,+0.910
1767123360,+3.48, +9.817, +9.030,+0.911
1767123660,+3.48, +9.835, +9.010,+0.910
1767123960,+3.48, +9.835, +9.013,+0.911
1767124260,+3.48, +9.845, +9.012,+0.911
1767124560,+3.48, +9.826, +9.022,+0.911
1767124860,+3.48, +9.845, +9.016,+0.911
1767125160,+3.48, +9.835, +9.009,+0.910
1767125460,+3.48, +9.826, +9.029,+0.911
1767125760,+3.48, +9.826, +9.020,+0.911
1767126060,+3.48, +9.835, +9.019,+0.911
1767126360,+3.48, +9.835, +9.018,+0.911
1767126660,+3.48, +9.845, +9.015,+0.911
1767126960,+3.48, +9.826, +9.022,+0.911
1767127260,+3.48, +9.845, +9.013,+0.911
1767127560,+3.48, +9.817, +9.011,+0.910
1767127860,+3.48, +9.835, +9.010,+0.911
1767128160,+3.48, +9.817, +9.008,+0.911
1767128460,+3.48, +9.790, +9.012,+0.910
1767128760,+3.48, +9.808, +9.002,+0.911
1767129060,+3.48, +9.790, +9.008,+0.910
1767129360,+3.48, +9.780, +9.016,+0.911
