7450-372515
OS REV: 1.05 Sensor Cal: 1705526694
Time (sec),  BV (Volts),  T (deg C),  DO (mg/l),  Q ()
1773978960,+3.55,+20.822, +8.565,+0.908
1773979260,+3.55,+20.663, +8.571,+0.908
1773979560,+3.55,+20.504, +8.594,+0.908
1773979860,+3.55,+20.320, +8.620,+0.907
1773980160,+3.55,+20.362, +8.634,+0.908
1773980460,+3.55,+20.337, +8.611,+0.907
1773980760,+3.55,+20.245, +8.637,+0.908
1773981060,+3.55,+20.161, +8.646,+0.908
1773981360,+3.55,+20.053, +8.648,+0.907
1773981660,+3.55,+19.927, +8.671,+0.907
1773981960,+3.55,+19.768, +8.698,+0.907
1773982260,+3.55,+19.626, +8.736,+0.908
1773982560,+3.55,+19.475, +8.756,+0.908
1773982860,+3.55,+19.366, +8.771,+0.908
1773983160,+3.55,+19.316, +8.796,+0.908
1773983460,+3.55,+19.257, +8.805,+0.908
1773983760,+3.55,+19.190, +8.818,+0.908
1773984060,+3.55,+19.123, +8.844,+0.908
1773984360,+3.55,+19.106, +8.833,+0.908
1773984660,+3.55,+19.081, +8.850,+0.908
1773984960,+3.55,+19.106, +8.834,+0.908
1773985260,+3.55,+19.140, +8.840,+0.908
1773985560,+3.55,+19.056, +8.842,+0.908
1773985860,+3.55,+18.871, +8.883,+0.908
1773986160,+3.55,+18.729, +8.890,+0.908
1773986460,+3.55,+18.510, +8.919,+0.908
1773986760,+3.55,+18.317, +8.956,+0.908
1773987060,+3.55,+18.174, +8.973,+0.908
1773987360,+3.55,+18.056, +8.991,+0.908
1773987660,+3.55,+17.913, +9.020,+0.908
1773987960,+3.55,+17.828, +9.037,+0.908
1773988260,+3.55,+17.736, +9.049,+0.908
1773988560,+3.55,+17.685, +9.051,+0.908
1773988860,+3.55,+17.609, +9.069,+0.909
1773989160,+3.55,+17.483, +9.085,+0.908
1773989460,+3.55,+17.364, +9.101,+0.908
1773989760,+3.55,+17.229, +9.140,+0.909
1773990060,+3.55,+17.136, +9.149,+0.908
1773990360,+3.55,+17.017, +9.162,+0.908
1773990660,+3.55,+16.958, +9.178,+0.908
1773990960,+3.55,+16.873, +9.193,+0.908
1773991260,+3.55,+16.839, +9.192,+0.908
1773991560,+3.55,+16.729, +9.222,+0.908
1773991860,+3.55,+16.687, +9.225,+0.909
1773992160,+3.55,+16.593, +9.239,+0.908
1773992460,+3.55,+16.559, +9.246,+0.909
1773992760,+3.55,+16.508, +9.251,+0.908
1773993060,+3.55,+16.466, +9.266,+0.909
1773993360,+3.55,+16.432, +9.265,+0.909
1773993660,+3.55,+16.364, +9.286,+0.909
1773993960,+3.55,+16.279, +9.311,+0.909
1773994260,+3.55,+16.253, +9.296,+0.908
1773994560,+3.55,+16.194, +9.323,+0.909
1773994860,+3.55,+16.177, +9.319,+0.909
1773995160,+3.55,+16.109, +9.331,+0.909
1773995460,+3.55,+15.998, +9.354,+0.909
1773995760,+3.55,+15.938, +9.373,+0.909
1773996060,+3.55,+15.912, +9.373,+0.909
1773996360,+3.55,+15.844, +9.376,+0.909
1773996660,+3.55,+15.801, +9.388,+0.908
1773996960,+3.55,+15.784, +9.398,+0.909
1773997260,+3.55,+15.793, +9.393,+0.909
1773997560,+3.54,+15.690, +9.415,+0.909
1773997860,+3.54,+15.613, +9.434,+0.909
1773998160,+3.55,+15.528, +9.455,+0.910
1773998460,+3.54,+15.494, +9.452,+0.909
1773998760,+3.55,+15.425, +9.456,+0.909
1773999060,+3.55,+15.357, +9.486,+0.909
1773999360,+3.55,+15.288, +9.498,+0.910
1773999660,+3.55,+15.185, +9.520,+0.910
1773999960,+3.55,+15.176, +9.516,+0.909
1774000260,+3.55,+15.151, +9.526,+0.909
1774000560,+3.55,+15.194, +9.523,+0.910
1774000860,+3.55,+15.194, +9.503,+0.909
1774001160,+3.55,+15.168, +9.513,+0.910
1774001460,+3.55,+15.056, +9.534,+0.909
1774001760,+3.55,+14.996, +9.544,+0.909
1774002060,+3.55,+14.910, +9.568,+0.909
1774002360,+3.55,+14.824, +9.587,+0.909
1774002660,+3.55,+14.764, +9.592,+0.909
1774002960,+3.55,+14.729, +9.607,+0.909
1774003260,+3.55,+14.729, +9.605,+0.910
1774003560,+3.55,+14.703, +9.598,+0.909
1774003860,+3.54,+14.660, +9.616,+0.909
1774004160,+3.54,+14.600, +9.617,+0.909
1774004460,+3.54,+14.531, +9.637,+0.909
1774004760,+3.54,+14.453, +9.660,+0.910
1774005060,+3.54,+14.375, +9.669,+0.909
1774005360,+3.54,+14.314, +9.690,+0.909
1774005660,+3.54,+14.237, +9.702,+0.909
1774005960,+3.54,+14.133, +9.727,+0.910
1774006260,+3.54,+14.072, +9.737,+0.909
1774006560,+3.55,+13.942, +9.780,+0.910
1774006860,+3.55,+13.916, +9.777,+0.909
1774007160,+3.54,+13.924, +9.772,+0.909
1774007460,+3.55,+13.907, +9.769,+0.910
1774007760,+3.55,+13.881, +9.776,+0.910
1774008060,+3.55,+13.811, +9.792,+0.909
1774008360,+3.55,+13.768, +9.808,+0.910
1774008660,+3.55,+13.759, +9.812,+0.910
1774008960,+3.54,+13.742, +9.814,+0.910
1774009260,+3.55,+13.724, +9.814,+0.910
1774009560,+3.55,+13.689, +9.806,+0.909
1774009860,+3.54,+13.611, +9.830,+0.910
1774010160,+3.54,+13.541, +9.853,+0.910
1774010460,+3.54,+13.541, +9.857,+0.910
1774010760,+3.54,+13.515, +9.854,+0.910
1774011060,+3.54,+13.602, +9.861,+0.910
1774011360,+3.54,+13.811, +9.813,+0.911
1774011660,+3.54,+13.829, +9.789,+0.910
1774011960,+3.54,+13.768, +9.797,+0.910
1774012260,+3.54,+13.742, +9.803,+0.909
1774012560,+3.54,+13.724, +9.802,+0.909
1774012860,+3.54,+13.698, +9.806,+0.909
1774013160,+3.54,+13.655, +9.812,+0.909
1774013460,+3.54,+13.541, +9.845,+0.910
1774013760,+3.54,+13.410, +9.869,+0.909
1774014060,+3.54,+13.253, +9.901,+0.909
1774014360,+3.54,+13.139, +9.943,+0.910
1774014660,+3.54,+13.043, +9.963,+0.910
1774014960,+3.54,+12.964, +9.980,+0.910
1774015260,+3.54,+12.911, +9.979,+0.909
1774015560,+3.54,+12.832,+10.019,+0.910
1774015860,+3.54,+12.788,+10.024,+0.910
1774016160,+3.54,+12.761,+10.019,+0.910
1774016460,+3.54,+12.682,+10.040,+0.909
1774016760,+3.54,+12.744,+10.025,+0.910
1774017060,+3.54,+12.726,+10.043,+0.910
1774017360,+3.54,+12.867,+10.023,+0.910
1774017660,+3.54,+12.955,+10.001,+0.910
1774017960,+3.54,+13.078, +9.965,+0.909
1774018260,+3.54,+13.165, +9.952,+0.909
1774018560,+3.54,+13.358, +9.928,+0.909
1774018860,+3.54,+13.576, +9.884,+0.909
1774019160,+3.54,+13.881, +9.821,+0.909
1774019460,+3.54,+14.202, +9.761,+0.909
1774019760,+3.53,+14.462, +9.718,+0.909
1774020060,+3.54,+14.746, +9.651,+0.908
1774020360,+3.54,+14.944, +9.620,+0.907
1774020660,+3.54,+15.245, +9.579,+0.907
1774020960,+3.53,+15.562, +9.514,+0.906
1774021260,+3.54,+15.895, +9.466,+0.907
1774021560,+3.53,+16.219, +9.422,+0.907
1774021860,+3.53,+16.576, +9.345,+0.907
1774022160,+3.53,+16.831, +9.284,+0.906
1774022460,+3.53,+17.111, +9.225,+0.905
1774022760,+3.53,+17.356, +9.189,+0.906
1774023060,+3.53,+17.685, +9.138,+0.905
1774023360,+3.53,+18.048, +9.083,+0.905
1774023660,+3.53,+18.451, +9.041,+0.906
1774023960,+3.53,+18.838, +8.985,+0.906
1774024260,+3.53,+19.282, +8.910,+0.905
1774024560,+3.53,+19.668, +8.852,+0.905
1774024860,+3.53,+20.069, +8.797,+0.905
1774025160,+3.53,+20.379, +8.729,+0.904
1774025460,+3.53,+20.939, +8.665,+0.904
1774025760,+3.53,+21.273, +8.616,+0.904
1774026060,+3.53,+21.707, +8.550,+0.904
1774026360,+3.52,+22.067, +8.479,+0.904
1774026660,+3.53,+22.351, +8.439,+0.903
1774026960,+3.53,+22.493, +8.412,+0.903
1774027260,+3.53,+22.417, +8.382,+0.903
1774027560,+3.53,+22.325, +8.404,+0.903
1774027860,+3.53,+22.576, +8.382,+0.904
1774028160,+3.52,+22.910, +8.339,+0.903
1774028460,+3.52,+23.094, +8.308,+0.903
1774028760,+3.53,+23.370, +8.285,+0.903
1774029060,+3.53,+23.487, +8.283,+0.902
1774029360,+3.53,+23.722, +8.228,+0.903
1774029660,+3.52,+23.965, +8.217,+0.902
1774029960,+3.52,+24.124, +8.226,+0.903
1774030260,+3.53,+24.493, +8.156,+0.903
1774030560,+3.53,+24.812, +8.071,+0.903
1774030860,+3.53,+24.820, +8.080,+0.902
1774031160,+3.53,+24.929, +8.045,+0.902
1774031460,+3.52,+25.139, +8.048,+0.903
1774031760,+3.53,+25.442, +7.978,+0.902
1774032060,+3.53,+25.602, +7.964,+0.903
1774032360,+3.53,+25.703, +7.962,+0.903
1774032660,+3.53,+25.720, +7.940,+0.903
1774032960,+3.53,+25.770, +7.920,+0.903
1774033260,+3.53,+25.947, +7.915,+0.902
1774033560,+3.52,+26.141, +7.887,+0.903
1774033860,+3.52,+26.310, +7.909,+0.903
1774034160,+3.53,+26.665, +7.840,+0.903
1774034460,+3.53,+26.885, +7.805,+0.902
1774034760,+3.52,+27.097, +7.819,+0.903
1774035060,+3.52,+27.258, +7.767,+0.903
1774035360,+3.52,+27.538, +7.716,+0.902
1774035660,+3.53,+27.742, +7.750,+0.902
1774035960,+3.53,+27.971, +7.709,+0.903
1774036260,+3.52,+28.338, +7.711,+0.903
1774036560,+3.52,+28.525, +7.660,+0.903
1774036860,+3.53,+28.679, +7.657,+0.903
1774037160,+3.53,+29.150, +7.547,+0.902
1774037460,+3.53,+29.244, +7.579,+0.902
1774037760,+3.52,+29.373, +7.602,+0.902
1774038060,+3.52,+29.751, +7.498,+0.901
1774038360,+3.53,+29.914, +7.527,+0.902
1774038660,+3.53,+30.095, +7.489,+0.902
1774038960,+3.53,+30.285, +7.465,+0.901
1774039260,+3.52,+30.544, +7.421,+0.901
1774039560,+3.52,+30.752, +7.408,+0.901
1774039860,+3.52,+30.726, +7.422,+0.900
1774040160,+3.53,+30.882, +7.395,+0.900
1774040460,+3.53,+31.020, +7.383,+0.901
1774040760,+3.53,+31.255, +7.375,+0.901
1774041060,+3.53,+31.533, +7.351,+0.900
1774041360,+3.53,+32.100, +7.269,+0.900
1774041660,+3.53,+32.292, +7.160,+0.900
1774041960,+3.52,+32.739, +7.130,+0.899
1774042260,+3.53,+33.178, +7.230,+0.898
1774042560,+3.53,+33.275, +7.107,+0.897
1774042860,+3.53,+33.337, +7.150,+0.897
1774043160,+3.53,+33.804, +7.023,+0.896
1774043460,+3.53,+33.698, +7.027,+0.895
1774043760,+3.53,+33.857, +6.994,+0.896
1774044060,+3.53,+34.220, +7.051,+0.895
1774044360,+3.53,+34.602, +6.990,+0.894
1774044660,+3.53,+34.807, +6.905,+0.893
1774044960,+3.53,+34.860, +6.930,+0.893
1774045260,+3.53,+34.656, +6.926,+0.894
1774045560,+3.53,+34.487, +6.896,+0.894
1774045860,+3.53,+34.478, +6.811,+0.894
1774046160,+3.53,+34.247, +6.965,+0.894
1774046460,+3.53,+34.647, +6.874,+0.893
1774046760,+3.53,+34.602, +6.886,+0.894
1774047060,+3.53,+34.834, +6.875,+0.895
1774047360,+3.53,+34.932, +6.865,+0.893
1774047660,+3.53,+34.887, +6.815,+0.895
1774047960,+3.53,+34.967, +6.857,+0.893
1774048260,+3.53,+34.932, +6.861,+0.893
1774048560,+3.53,+35.226, +6.808,+0.893
1774048860,+3.53,+35.360, +6.779,+0.892
1774049160,+3.53,+35.235, +6.848,+0.892
1774049460,+3.53,+35.172, +6.779,+0.892
1774049760,+3.53,+35.360, +6.726,+0.892
1774050060,+3.54,+35.521, +6.795,+0.892
1774050360,+3.54,+35.485, +6.797,+0.892
1774050660,+3.54,+35.718, +6.757,+0.891
1774050960,+3.54,+35.879, +6.705,+0.890
1774051260,+3.53,+36.077, +6.689,+0.889
1774051560,+3.53,+36.086, +6.672,+0.889
1774051860,+3.54,+36.050, +6.694,+0.889
1774052160,+3.54,+36.131, +6.686,+0.889
1774052460,+3.53,+36.293, +6.655,+0.889
1774052760,+3.53,+36.302, +6.645,+0.888
1774053060,+3.54,+36.212, +6.647,+0.889
1774053360,+3.54,+35.969, +6.685,+0.890
1774053660,+3.54,+35.852, +6.701,+0.891
1774053960,+3.54,+35.781, +6.717,+0.892
1774054260,+3.54,+35.682, +6.723,+0.892
1774054560,+3.54,+35.494, +6.769,+0.893
1774054860,+3.54,+35.190, +6.797,+0.894
1774055160,+3.54,+35.074, +6.807,+0.894
1774055460,+3.54,+34.834, +6.790,+0.894
1774055760,+3.54,+34.549, +6.864,+0.895
1774056060,+3.54,+34.745, +6.794,+0.896
1774056360,+3.55,+34.469, +6.845,+0.896
1774056660,+3.54,+34.185, +6.814,+0.896
1774056960,+3.54,+33.663, +6.885,+0.898
1774057260,+3.54,+33.037, +6.954,+0.899
1774057560,+3.54,+32.897, +6.988,+0.901
1774057860,+3.54,+32.721, +7.012,+0.901
1774058160,+3.55,+32.257, +7.057,+0.902
1774058460,+3.55,+31.716, +7.101,+0.904
1774058760,+3.55,+30.951, +7.235,+0.905
1774059060,+3.55,+30.354, +7.301,+0.907
1774059360,+3.55,+29.811, +7.357,+0.908
1774059660,+3.55,+29.296, +7.398,+0.909
1774059960,+3.55,+28.551, +7.516,+0.909
1774060260,+3.55,+28.048, +7.581,+0.910
1774060560,+3.55,+27.495, +7.653,+0.910
1774060860,+3.56,+27.012, +7.701,+0.911
1774061160,+3.56,+26.623, +7.728,+0.911
1774061460,+3.55,+26.242, +7.762,+0.911
1774061760,+3.56,+25.854, +7.820,+0.911
1774062060,+3.56,+25.475, +7.867,+0.910
1774062360,+3.56,+25.080, +7.931,+0.910
1774062660,+3.56,+24.719, +7.961,+0.911
1774062960,+3.56,+24.400, +8.009,+0.911
1774063260,+3.56,+23.990, +8.070,+0.911
1774063560,+3.56,+23.722, +8.090,+0.911
1774063860,+3.56,+23.496, +8.111,+0.911
1774064160,+3.56,+23.287, +8.145,+0.911
1774064460,+3.56,+23.011, +8.189,+0.911
1774064760,+3.56,+22.860, +8.199,+0.911
1774065060,+3.56,+22.718, +8.225,+0.912
1774065360,+3.56,+22.584, +8.257,+0.911
