7450-372515
OS REV: 1.05 Sensor Cal: 1705526694
Time (sec),  BV (Volts),  T (deg C),  DO (mg/l),  Q ()
1772851860,+3.49,+14.366, +9.781,+0.908
1772852160,+3.49,+14.314, +9.794,+0.908
1772852460,+3.49,+14.306, +9.847,+0.908
1772852760,+3.49,+14.314, +9.778,+0.907
1772853060,+3.49,+14.323, +9.793,+0.908
1772853360,+3.50,+14.219, +9.771,+0.908
1772853660,+3.50,+14.167, +9.712,+0.908
1772853960,+3.50,+14.124, +9.643,+0.908
1772854260,+3.50,+14.115, +9.683,+0.908
1772854560,+3.50,+14.098, +9.671,+0.908
1772854860,+3.50,+14.046, +9.700,+0.908
1772855160,+3.50,+14.037, +9.636,+0.908
1772855460,+3.50,+14.028, +9.569,+0.908
1772855760,+3.50,+14.011, +9.513,+0.908
1772856060,+3.50,+14.028, +9.463,+0.908
1772856360,+3.50,+13.976, +9.566,+0.908
1772856660,+3.50,+13.994, +9.537,+0.908
1772856960,+3.50,+13.985, +9.493,+0.908
1772857260,+3.50,+14.002, +9.501,+0.908
1772857560,+3.50,+14.020, +9.405,+0.907
1772857860,+3.50,+13.976, +9.340,+0.908
1772858160,+3.50,+13.976, +9.205,+0.909
1772858460,+3.50,+13.976, +9.243,+0.908
1772858760,+3.50,+13.985, +9.359,+0.909
1772859060,+3.50,+13.942, +9.344,+0.908
1772859360,+3.50,+13.933, +9.411,+0.908
1772859660,+3.50,+13.942, +9.323,+0.908
1772859960,+3.50,+13.942, +9.164,+0.908
1772860260,+3.50,+13.933, +9.155,+0.908
1772860560,+3.50,+13.855, +9.260,+0.908
1772860860,+3.50,+13.846, +9.270,+0.908
1772861160,+3.50,+13.820, +9.352,+0.908
1772861460,+3.50,+13.794, +9.407,+0.908
1772861760,+3.50,+13.759, +9.384,+0.908
1772862060,+3.50,+13.707, +9.385,+0.909
1772862360,+3.50,+13.707, +9.272,+0.909
1772862660,+3.50,+13.698, +9.173,+0.908
1772862960,+3.50,+13.681, +9.123,+0.908
1772863260,+3.50,+13.689, +9.129,+0.908
1772863560,+3.50,+13.681, +9.262,+0.908
1772863860,+3.50,+13.637, +9.381,+0.908
1772864160,+3.50,+13.628, +9.344,+0.909
1772864460,+3.50,+13.637, +9.217,+0.908
1772864760,+3.50,+13.646, +9.093,+0.909
1772865060,+3.50,+13.628, +9.036,+0.908
1772865360,+3.50,+13.646, +9.054,+0.908
1772865660,+3.50,+13.620, +9.187,+0.908
1772865960,+3.50,+13.602, +9.303,+0.908
1772866260,+3.50,+13.576, +9.234,+0.908
1772866560,+3.50,+13.532, +9.162,+0.908
1772866860,+3.50,+13.524, +9.177,+0.908
1772867160,+3.50,+13.515, +9.082,+0.909
1772867460,+3.50,+13.515, +9.214,+0.909
1772867760,+3.50,+13.489, +9.293,+0.908
1772868060,+3.50,+13.506, +9.277,+0.909
1772868360,+3.50,+13.480, +9.198,+0.908
1772868660,+3.50,+13.489, +9.170,+0.908
1772868960,+3.50,+13.489, +9.223,+0.909
1772869260,+3.50,+13.454, +9.267,+0.908
1772869560,+3.50,+13.375, +9.253,+0.908
1772869860,+3.50,+13.375, +9.177,+0.908
1772870160,+3.50,+13.410, +9.041,+0.908
1772870460,+3.50,+13.401, +9.100,+0.908
1772870760,+3.50,+13.445, +9.172,+0.909
1772871060,+3.50,+13.384, +9.288,+0.908
1772871360,+3.50,+13.314, +9.174,+0.908
1772871660,+3.50,+13.297, +9.080,+0.908
1772871960,+3.50,+13.288, +8.810,+0.909
1772872260,+3.50,+13.270, +8.790,+0.909
1772872560,+3.50,+13.244, +9.004,+0.908
1772872860,+3.50,+13.235, +9.066,+0.909
1772873160,+3.50,+13.244, +9.040,+0.908
1772873460,+3.50,+13.235, +8.905,+0.908
1772873760,+3.50,+13.209, +8.772,+0.908
1772874060,+3.50,+13.209, +8.470,+0.908
1772874360,+3.50,+13.209, +8.374,+0.908
1772874660,+3.50,+13.200, +8.401,+0.908
1772874960,+3.50,+13.192, +8.518,+0.908
1772875260,+3.50,+13.227, +8.519,+0.909
1772875560,+3.50,+13.209, +8.646,+0.908
1772875860,+3.50,+13.235, +8.729,+0.909
1772876160,+3.50,+13.200, +8.901,+0.909
1772876460,+3.50,+13.130, +8.942,+0.908
1772876760,+3.50,+13.069, +8.966,+0.908
1772877060,+3.50,+13.051, +8.912,+0.908
1772877360,+3.50,+13.069, +8.878,+0.909
1772877660,+3.50,+13.104, +8.959,+0.908
1772877960,+3.50,+13.095, +9.113,+0.909
1772878260,+3.50,+13.086, +9.082,+0.908
1772878560,+3.50,+13.060, +9.071,+0.908
1772878860,+3.50,+13.043, +9.048,+0.908
1772879160,+3.50,+12.990, +9.068,+0.908
1772879460,+3.50,+12.981, +9.051,+0.909
1772879760,+3.50,+12.946, +9.030,+0.909
1772880060,+3.50,+12.920, +9.034,+0.909
1772880360,+3.50,+12.911, +9.002,+0.909
1772880660,+3.50,+12.867, +9.010,+0.909
1772880960,+3.50,+12.902, +8.973,+0.909
1772881260,+3.50,+12.928, +8.855,+0.909
1772881560,+3.50,+12.946, +8.820,+0.908
1772881860,+3.50,+12.937, +8.786,+0.908
1772882160,+3.50,+12.964, +8.812,+0.909
1772882460,+3.50,+12.955, +8.802,+0.909
1772882760,+3.50,+12.928, +8.645,+0.908
1772883060,+3.50,+12.937, +8.552,+0.909
1772883360,+3.50,+12.928, +8.818,+0.909
1772883660,+3.50,+12.893, +8.703,+0.909
1772883960,+3.50,+12.920, +8.692,+0.909
1772884260,+3.50,+12.911, +8.598,+0.909
1772884560,+3.50,+12.876, +8.901,+0.908
1772884860,+3.50,+12.858, +8.886,+0.909
1772885160,+3.50,+12.849, +8.736,+0.909
1772885460,+3.50,+12.849, +8.875,+0.908
1772885760,+3.50,+12.823, +8.875,+0.909
1772886060,+3.50,+12.849, +8.824,+0.909
1772886360,+3.50,+12.867, +8.798,+0.909
1772886660,+3.50,+12.849, +8.747,+0.909
1772886960,+3.50,+12.832, +8.616,+0.909
1772887260,+3.50,+12.832, +8.548,+0.908
1772887560,+3.50,+12.823, +8.641,+0.909
1772887860,+3.50,+12.849, +8.516,+0.908
1772888160,+3.50,+12.832, +8.735,+0.909
1772888460,+3.50,+12.823, +8.788,+0.909
1772888760,+3.50,+12.788, +8.724,+0.909
1772889060,+3.50,+12.770, +8.589,+0.908
1772889360,+3.50,+12.717, +8.623,+0.909
1772889660,+3.50,+12.682, +8.727,+0.909
1772889960,+3.50,+12.638, +8.652,+0.908
1772890260,+3.50,+12.550, +8.604,+0.908
1772890560,+3.50,+12.532, +8.713,+0.909
1772890860,+3.50,+12.488, +8.747,+0.909
1772891160,+3.50,+12.497, +8.706,+0.909
1772891460,+3.50,+12.461, +8.766,+0.908
1772891760,+3.50,+12.470, +8.545,+0.908
1772892060,+3.50,+12.506, +8.408,+0.909
1772892360,+3.50,+12.523, +8.662,+0.909
1772892660,+3.50,+12.541, +8.679,+0.909
1772892960,+3.50,+12.559, +8.692,+0.909
1772893260,+3.50,+12.523, +8.647,+0.909
1772893560,+3.50,+12.559, +8.575,+0.909
1772893860,+3.50,+12.532, +8.557,+0.909
1772894160,+3.50,+12.603, +8.483,+0.909
1772894460,+3.50,+12.603, +8.423,+0.909
1772894760,+3.50,+12.691, +8.308,+0.909
1772895060,+3.50,+12.717, +8.240,+0.909
1772895360,+3.50,+12.656, +8.435,+0.908
1772895660,+3.50,+12.550, +8.574,+0.909
1772895960,+3.50,+12.435, +8.602,+0.909
1772896260,+3.50,+12.400, +8.622,+0.909
1772896560,+3.49,+12.400, +8.637,+0.909
1772896860,+3.50,+12.400, +8.766,+0.909
1772897160,+3.50,+12.408, +8.831,+0.908
1772897460,+3.50,+12.435, +8.787,+0.909
1772897760,+3.50,+12.444, +8.706,+0.909
1772898060,+3.50,+12.444, +8.585,+0.909
1772898360,+3.50,+12.417, +8.535,+0.909
1772898660,+3.50,+12.417, +8.472,+0.909
1772898960,+3.50,+12.408, +8.572,+0.909
1772899260,+3.49,+12.382, +8.626,+0.909
1772899560,+3.49,+12.285, +8.642,+0.908
1772899860,+3.49,+12.240, +8.798,+0.909
1772900160,+3.49,+12.223, +8.880,+0.909
1772900460,+3.49,+12.267, +8.844,+0.909
1772900760,+3.50,+12.408, +8.787,+0.909
1772901060,+3.50,+12.550, +8.735,+0.909
1772901360,+3.50,+12.708, +8.631,+0.909
1772901660,+3.50,+12.805, +8.750,+0.909
1772901960,+3.50,+12.867, +8.805,+0.909
1772902260,+3.50,+12.858, +8.730,+0.909
1772902560,+3.50,+12.849, +8.699,+0.909
1772902860,+3.50,+12.814, +8.764,+0.908
1772903160,+3.50,+12.620, +8.932,+0.908
1772903460,+3.50,+12.603, +9.075,+0.908
1772903760,+3.50,+12.752, +9.069,+0.909
1772904060,+3.50,+12.770, +8.898,+0.908
1772904360,+3.50,+12.867, +8.952,+0.909
1772904660,+3.50,+12.946, +9.008,+0.909
1772904960,+3.50,+12.823, +8.944,+0.908
1772905260,+3.50,+12.744, +9.287,+0.909
1772905560,+3.50,+12.796, +9.239,+0.908
1772905860,+3.50,+12.858, +9.173,+0.909
1772906160,+3.50,+13.060, +9.304,+0.908
1772906460,+3.49,+13.227, +9.304,+0.909
1772906760,+3.49,+13.305, +9.249,+0.909
1772907060,+3.49,+13.270, +9.281,+0.908
1772907360,+3.49,+13.253, +9.297,+0.908
1772907660,+3.49,+13.235, +9.271,+0.908
1772907960,+3.49,+13.235, +9.322,+0.908
1772908260,+3.49,+13.314, +9.313,+0.908
1772908560,+3.49,+13.393, +9.346,+0.909
1772908860,+3.49,+13.515, +9.394,+0.909
1772909160,+3.50,+13.567, +9.428,+0.908
1772909460,+3.50,+13.689, +9.505,+0.908
1772909760,+3.50,+13.689, +9.479,+0.909
1772910060,+3.50,+13.837, +9.529,+0.908
1772910360,+3.50,+13.820, +9.538,+0.908
1772910660,+3.50,+13.811, +9.569,+0.908
1772910960,+3.50,+13.750, +9.552,+0.908
1772911260,+3.50,+13.750, +9.531,+0.908
1772911560,+3.50,+13.820, +9.546,+0.908
1772911860,+3.50,+13.916, +9.655,+0.909
1772912160,+3.50,+13.994, +9.630,+0.908
1772912460,+3.50,+14.028, +9.661,+0.908
1772912760,+3.50,+14.020, +9.647,+0.908
1772913060,+3.50,+14.002, +9.659,+0.908
1772913360,+3.50,+14.141, +9.744,+0.908
1772913660,+3.49,+14.228, +9.684,+0.908
1772913960,+3.49,+14.392, +9.811,+0.908
1772914260,+3.49,+14.453, +9.729,+0.909
1772914560,+3.49,+14.496, +9.775,+0.908
1772914860,+3.49,+14.496, +9.786,+0.908
1772915160,+3.49,+14.531, +9.777,+0.908
1772915460,+3.49,+14.600, +9.800,+0.908
1772915760,+3.49,+14.643, +9.778,+0.908
1772916060,+3.50,+14.798, +9.839,+0.908
1772916360,+3.50,+14.858, +9.831,+0.908
1772916660,+3.50,+14.858, +9.827,+0.907
1772916960,+3.50,+14.858, +9.832,+0.907
1772917260,+3.50,+14.841, +9.789,+0.907
1772917560,+3.50,+14.798, +9.762,+0.907
1772917860,+3.50,+14.772, +9.681,+0.907
1772918160,+3.50,+14.772, +9.752,+0.907
1772918460,+3.50,+14.858, +9.750,+0.908
1772918760,+3.50,+14.875, +9.736,+0.907
1772919060,+3.50,+15.022, +9.829,+0.907
1772919360,+3.50,+15.022, +9.791,+0.907
1772919660,+3.50,+14.979, +9.893,+0.908
1772919960,+3.50,+15.039, +9.883,+0.908
1772920260,+3.50,+15.090, +9.702,+0.907
1772920560,+3.50,+15.159, +9.732,+0.907
1772920860,+3.50,+15.236, +9.679,+0.907
1772921160,+3.49,+15.357, +9.759,+0.908
1772921460,+3.49,+15.408, +9.743,+0.907
1772921760,+3.49,+15.528, +9.808,+0.907
1772922060,+3.49,+15.536, +9.775,+0.907
1772922360,+3.49,+15.511, +9.777,+0.907
1772922660,+3.49,+15.502, +9.797,+0.907
1772922960,+3.49,+15.545, +9.838,+0.907
1772923260,+3.49,+15.536, +9.858,+0.907
1772923560,+3.49,+15.528, +9.800,+0.907
1772923860,+3.49,+15.545, +9.822,+0.907
1772924160,+3.49,+15.571, +9.805,+0.907
1772924460,+3.49,+15.562, +9.723,+0.907
1772924760,+3.49,+15.613, +9.709,+0.907
1772925060,+3.49,+15.613, +9.716,+0.907
1772925360,+3.49,+15.639, +9.568,+0.907
1772925660,+3.49,+15.690, +9.813,+0.907
1772925960,+3.49,+15.707, +9.657,+0.907
1772926260,+3.49,+15.716, +9.600,+0.907
1772926560,+3.50,+15.733, +9.712,+0.907
1772926860,+3.50,+15.767, +9.752,+0.907
1772927160,+3.50,+15.750, +9.803,+0.907
1772927460,+3.49,+15.733, +9.787,+0.907
1772927760,+3.49,+15.716, +9.725,+0.907
1772928060,+3.50,+15.733, +9.758,+0.907
1772928360,+3.50,+15.750, +9.781,+0.907
1772928660,+3.50,+15.742, +9.660,+0.907
1772928960,+3.50,+15.759, +9.635,+0.907
1772929260,+3.50,+15.767, +9.508,+0.907
1772929560,+3.50,+15.750, +9.535,+0.907
1772929860,+3.50,+15.776, +9.389,+0.907
1772930160,+3.50,+15.750, +9.566,+0.907
1772930460,+3.50,+15.750, +9.778,+0.907
1772930760,+3.50,+15.725, +9.684,+0.906
1772931060,+3.50,+15.733, +9.817,+0.907
1772931360,+3.50,+15.759,+10.005,+0.907
1772931660,+3.50,+15.767, +9.834,+0.907
1772931960,+3.50,+15.750, +9.816,+0.907
1772932260,+3.50,+15.759, +9.773,+0.907
1772932560,+3.50,+15.733, +9.635,+0.907
1772932860,+3.50,+15.750, +9.598,+0.907
1772933160,+3.50,+15.750, +9.600,+0.907
1772933460,+3.50,+15.750, +9.665,+0.907
1772933760,+3.50,+15.750, +9.664,+0.907
1772934060,+3.50,+15.776, +9.867,+0.907
1772934360,+3.50,+15.776, +9.823,+0.907
1772934660,+3.50,+15.776, +9.773,+0.907
1772934960,+3.50,+15.648, +9.790,+0.907
1772935260,+3.50,+15.408, +9.818,+0.906
1772935560,+3.50,+15.297, +9.802,+0.907
1772935860,+3.50,+15.236, +9.787,+0.907
1772936160,+3.50,+15.176, +9.735,+0.907
1772936460,+3.50,+15.125, +9.736,+0.907
1772936760,+3.50,+15.116, +9.678,+0.907
1772937060,+3.50,+15.082, +9.676,+0.907
1772937360,+3.50,+15.048, +9.563,+0.907
1772937660,+3.50,+15.039, +9.548,+0.907
1772937960,+3.50,+15.048, +9.547,+0.907
1772938260,+3.50,+15.048, +9.470,+0.907
