7450-372515
OS REV: 1.05 Sensor Cal: 1705526694
Time (sec),  BV (Volts),  T (deg C),  DO (mg/l),  Q ()
1773545460,+3.51,+18.384, +9.170,+0.905
1773545760,+3.51,+18.502, +9.184,+0.904
1773546060,+3.51,+18.477, +9.368,+0.904
1773546360,+3.51,+18.552, +9.365,+0.905
1773546660,+3.51,+18.662, +9.763,+0.904
1773546960,+3.51,+18.863, +9.866,+0.905
1773547260,+3.51,+18.779, +9.661,+0.904
1773547560,+3.51,+19.458, +9.608,+0.906
1773547860,+3.51,+19.760, +9.071,+0.905
1773548160,+3.51,+19.818, +9.024,+0.905
1773548460,+3.51,+19.818, +8.882,+0.905
1773548760,+3.51,+19.885, +8.816,+0.905
1773549060,+3.50,+19.885, +8.775,+0.905
1773549360,+3.50,+19.911, +8.671,+0.905
1773549660,+3.51,+19.936, +8.525,+0.905
1773549960,+3.51,+19.877, +8.439,+0.905
1773550260,+3.51,+19.860, +8.310,+0.905
1773550560,+3.51,+19.777, +8.277,+0.905
1773550860,+3.51,+19.802, +8.099,+0.905
1773551160,+3.51,+19.785, +8.168,+0.905
1773551460,+3.51,+19.768, +8.159,+0.905
1773551760,+3.51,+19.685, +8.270,+0.904
1773552060,+3.51,+19.701, +8.048,+0.904
1773552360,+3.51,+19.618, +8.052,+0.904
1773552660,+3.51,+19.609, +8.281,+0.905
1773552960,+3.51,+19.567, +8.017,+0.905
1773553260,+3.51,+19.525, +8.060,+0.905
1773553560,+3.51,+19.475, +8.052,+0.905
1773553860,+3.51,+19.450, +7.930,+0.905
1773554160,+3.51,+19.417, +7.944,+0.905
1773554460,+3.51,+19.391, +7.880,+0.905
1773554760,+3.51,+19.324, +7.691,+0.905
1773555060,+3.51,+19.333, +7.666,+0.905
1773555360,+3.51,+19.266, +7.848,+0.905
1773555660,+3.51,+19.207, +7.792,+0.905
1773555960,+3.51,+19.148, +7.731,+0.905
1773556260,+3.51,+19.106, +7.703,+0.905
1773556560,+3.51,+19.073, +7.711,+0.905
1773556860,+3.51,+19.022, +7.607,+0.905
1773557160,+3.51,+18.964, +7.404,+0.905
1773557460,+3.51,+18.981, +7.450,+0.905
1773557760,+3.51,+18.922, +7.413,+0.905
1773558060,+3.51,+18.922, +7.284,+0.905
1773558360,+3.51,+18.888, +7.254,+0.905
1773558660,+3.51,+18.838, +7.189,+0.905
1773558960,+3.51,+18.779, +7.116,+0.905
1773559260,+3.51,+18.746, +7.208,+0.905
1773559560,+3.51,+18.720, +7.056,+0.905
1773559860,+3.51,+18.695, +6.814,+0.905
1773560160,+3.51,+18.653, +6.577,+0.905
1773560460,+3.51,+18.636, +6.743,+0.905
1773560760,+3.51,+18.603, +6.747,+0.905
1773561060,+3.51,+18.611, +6.711,+0.905
1773561360,+3.51,+18.611, +6.720,+0.905
1773561660,+3.51,+18.569, +6.703,+0.905
1773561960,+3.51,+18.552, +6.631,+0.905
1773562260,+3.51,+18.527, +6.615,+0.905
1773562560,+3.51,+18.477, +6.443,+0.905
1773562860,+3.51,+18.468, +6.272,+0.905
1773563160,+3.51,+18.443, +6.452,+0.905
1773563460,+3.51,+18.435, +6.523,+0.905
1773563760,+3.51,+18.376, +6.531,+0.905
1773564060,+3.51,+18.325, +6.417,+0.905
1773564360,+3.51,+18.308, +6.453,+0.905
1773564660,+3.51,+18.258, +6.419,+0.905
1773564960,+3.51,+18.191, +6.453,+0.905
1773565260,+3.52,+18.157, +6.111,+0.906
1773565560,+3.52,+18.123, +6.043,+0.906
1773565860,+3.52,+18.115, +6.109,+0.905
1773566160,+3.52,+18.073, +6.045,+0.905
1773566460,+3.52,+18.031, +5.914,+0.906
1773566760,+3.52,+17.972, +5.872,+0.906
1773567060,+3.51,+17.963, +5.842,+0.906
1773567360,+3.51,+17.930, +5.892,+0.906
1773567660,+3.51,+17.862, +6.257,+0.906
1773567960,+3.52,+17.989, +6.897,+0.905
1773568260,+3.52,+18.039, +7.056,+0.906
1773568560,+3.52,+18.031, +7.142,+0.906
1773568860,+3.52,+18.039, +7.058,+0.906
1773569160,+3.52,+18.005, +7.110,+0.905
1773569460,+3.52,+18.048, +7.278,+0.905
1773569760,+3.52,+18.022, +7.388,+0.906
1773570060,+3.52,+18.014, +7.222,+0.906
1773570360,+3.52,+17.972, +7.256,+0.906
1773570660,+3.52,+17.972, +7.106,+0.906
1773570960,+3.52,+17.989, +6.934,+0.906
1773571260,+3.52,+17.972, +7.073,+0.906
1773571560,+3.51,+17.963, +7.088,+0.906
1773571860,+3.51,+17.963, +7.080,+0.906
1773572160,+3.52,+17.955, +6.872,+0.906
1773572460,+3.52,+17.997, +6.742,+0.906
1773572760,+3.52,+17.972, +6.737,+0.905
1773573060,+3.52,+17.997, +6.846,+0.906
1773573360,+3.51,+17.946, +6.865,+0.906
1773573660,+3.51,+17.938, +6.676,+0.906
1773573960,+3.51,+17.896, +6.777,+0.906
1773574260,+3.51,+17.887, +6.917,+0.906
1773574560,+3.51,+17.862, +6.843,+0.905
1773574860,+3.51,+17.862, +6.816,+0.905
1773575160,+3.51,+17.845, +6.730,+0.906
1773575460,+3.51,+17.862, +6.811,+0.905
1773575760,+3.51,+17.837, +6.844,+0.906
1773576060,+3.51,+17.803, +7.015,+0.906
1773576360,+3.51,+17.803, +7.023,+0.906
1773576660,+3.51,+17.803, +6.797,+0.906
1773576960,+3.51,+17.795, +6.757,+0.906
1773577260,+3.51,+17.803, +6.860,+0.906
1773577560,+3.51,+17.820, +6.890,+0.906
1773577860,+3.51,+17.803, +7.045,+0.906
1773578160,+3.51,+17.795, +7.017,+0.906
1773578460,+3.51,+17.786, +6.828,+0.905
1773578760,+3.51,+17.753, +6.883,+0.906
1773579060,+3.51,+17.727, +6.984,+0.906
1773579360,+3.51,+17.710, +6.948,+0.906
1773579660,+3.51,+17.677, +6.876,+0.906
1773579960,+3.51,+17.634, +6.809,+0.906
1773580260,+3.51,+17.609, +6.989,+0.906
1773580560,+3.51,+17.592, +7.084,+0.906
1773580860,+3.51,+17.592, +6.833,+0.906
1773581160,+3.51,+17.592, +6.886,+0.905
1773581460,+3.51,+17.575, +6.976,+0.906
1773581760,+3.51,+17.525, +6.871,+0.906
1773582060,+3.51,+17.491, +6.795,+0.906
1773582360,+3.51,+17.474, +6.783,+0.906
1773582660,+3.51,+17.457, +6.561,+0.906
1773582960,+3.51,+17.415, +6.588,+0.905
1773583260,+3.51,+17.347, +6.543,+0.906
1773583560,+3.51,+17.297, +6.592,+0.906
1773583860,+3.51,+17.297, +6.711,+0.906
1773584160,+3.52,+17.237, +6.582,+0.906
1773584460,+3.51,+17.221, +6.453,+0.906
1773584760,+3.52,+17.212, +6.524,+0.906
1773585060,+3.52,+17.170, +6.452,+0.906
1773585360,+3.52,+17.119, +6.505,+0.906
1773585660,+3.52,+17.085, +6.709,+0.906
1773585960,+3.52,+17.051, +6.902,+0.906
1773586260,+3.52,+17.026, +6.828,+0.906
1773586560,+3.52,+16.992, +6.706,+0.906
1773586860,+3.52,+16.975, +6.851,+0.906
1773587160,+3.52,+16.933, +6.835,+0.906
1773587460,+3.52,+16.916, +6.619,+0.906
1773587760,+3.52,+16.916, +6.913,+0.906
1773588060,+3.51,+16.899, +6.851,+0.906
1773588360,+3.51,+16.865, +6.773,+0.906
1773588660,+3.51,+16.856, +6.702,+0.906
1773588960,+3.51,+16.831, +6.807,+0.906
1773589260,+3.51,+16.797, +6.809,+0.907
1773589560,+3.51,+16.780, +6.901,+0.907
1773589860,+3.51,+16.755, +7.000,+0.907
1773590160,+3.51,+16.755, +7.031,+0.906
1773590460,+3.51,+16.738, +7.028,+0.907
1773590760,+3.51,+16.678, +7.300,+0.907
1773591060,+3.51,+16.704, +7.209,+0.907
1773591360,+3.51,+16.721, +7.111,+0.906
1773591660,+3.51,+16.704, +7.195,+0.907
1773591960,+3.51,+16.704, +7.284,+0.906
1773592260,+3.51,+16.712, +7.498,+0.906
1773592560,+3.51,+16.704, +7.480,+0.907
1773592860,+3.51,+16.738, +7.315,+0.907
1773593160,+3.51,+16.729, +7.433,+0.907
1773593460,+3.51,+16.729, +7.640,+0.907
1773593760,+3.51,+16.746, +7.618,+0.907
1773594060,+3.51,+16.780, +7.598,+0.907
1773594360,+3.51,+16.772, +7.783,+0.907
1773594660,+3.51,+16.806, +7.947,+0.906
1773594960,+3.51,+16.814, +7.766,+0.907
1773595260,+3.51,+16.814, +7.997,+0.906
1773595560,+3.51,+16.831, +7.740,+0.907
1773595860,+3.51,+16.848, +7.935,+0.907
1773596160,+3.51,+16.873, +8.081,+0.907
1773596460,+3.51,+16.873, +8.132,+0.907
1773596760,+3.52,+16.907, +8.226,+0.907
1773597060,+3.52,+16.916, +8.482,+0.907
1773597360,+3.52,+16.975, +8.357,+0.907
1773597660,+3.51,+16.984, +8.275,+0.907
1773597960,+3.52,+17.043, +8.329,+0.906
1773598260,+3.51,+17.068, +8.220,+0.907
1773598560,+3.51,+17.085, +8.426,+0.907
1773598860,+3.51,+17.144, +8.388,+0.907
1773599160,+3.51,+17.178, +8.503,+0.907
1773599460,+3.51,+17.229, +8.380,+0.907
1773599760,+3.51,+17.237, +8.517,+0.906
1773600060,+3.51,+17.322, +8.587,+0.907
1773600360,+3.51,+17.356, +8.682,+0.907
1773600660,+3.51,+17.398, +8.695,+0.907
1773600960,+3.51,+17.449, +8.645,+0.906
1773601260,+3.51,+17.474, +8.662,+0.906
1773601560,+3.51,+17.559, +8.776,+0.906
1773601860,+3.51,+17.601, +8.872,+0.907
1773602160,+3.51,+17.651, +8.719,+0.906
1773602460,+3.51,+17.710, +8.731,+0.906
1773602760,+3.51,+17.736, +8.712,+0.906
1773603060,+3.51,+17.795, +8.944,+0.906
1773603360,+3.51,+17.837, +8.843,+0.906
1773603660,+3.51,+17.913, +9.014,+0.906
1773603960,+3.51,+17.980, +9.231,+0.906
1773604260,+3.51,+18.022, +9.136,+0.906
1773604560,+3.51,+18.064, +9.267,+0.907
1773604860,+3.51,+18.123, +9.259,+0.906
1773605160,+3.51,+18.182, +9.544,+0.906
1773605460,+3.51,+18.208, +9.348,+0.906
1773605760,+3.51,+18.292, +9.534,+0.906
1773606060,+3.51,+18.334, +9.533,+0.906
1773606360,+3.51,+18.376, +9.402,+0.906
1773606660,+3.51,+18.418, +9.493,+0.906
1773606960,+3.51,+18.468, +9.613,+0.906
1773607260,+3.51,+18.527, +9.489,+0.906
1773607560,+3.51,+18.536, +9.358,+0.906
1773607860,+3.51,+18.603, +9.436,+0.906
1773608160,+3.51,+18.662, +9.713,+0.905
1773608460,+3.51,+18.704, +9.784,+0.906
1773608760,+3.51,+18.762, +9.747,+0.906
1773609060,+3.51,+18.787, +9.773,+0.906
1773609360,+3.51,+18.838, +9.572,+0.906
1773609660,+3.51,+18.897, +9.872,+0.905
1773609960,+3.51,+18.947, +9.753,+0.906
1773610260,+3.51,+18.997, +9.691,+0.905
1773610560,+3.51,+19.048, +9.772,+0.906
1773610860,+3.51,+19.115,+10.082,+0.907
1773611160,+3.51,+19.140, +9.843,+0.906
1773611460,+3.51,+19.182, +9.835,+0.906
1773611760,+3.51,+19.241, +9.894,+0.905
1773612060,+3.51,+19.291,+10.060,+0.906
1773612360,+3.51,+19.341,+10.226,+0.906
1773612660,+3.51,+19.391,+10.099,+0.906
1773612960,+3.51,+19.433,+10.025,+0.906
1773613260,+3.51,+19.475, +9.946,+0.905
1773613560,+3.51,+19.517, +9.966,+0.905
1773613860,+3.51,+19.525,+10.082,+0.905
1773614160,+3.51,+19.559,+10.325,+0.906
1773614460,+3.51,+19.609,+10.070,+0.906
1773614760,+3.51,+19.634,+10.104,+0.905
1773615060,+3.51,+19.668,+10.155,+0.905
1773615360,+3.51,+19.693,+10.007,+0.905
1773615660,+3.51,+19.726,+10.111,+0.905
1773615960,+3.51,+19.768,+10.234,+0.906
1773616260,+3.51,+19.793,+10.062,+0.905
1773616560,+3.51,+19.844,+10.045,+0.905
1773616860,+3.51,+19.860,+10.324,+0.905
1773617160,+3.51,+19.885,+10.424,+0.905
1773617460,+3.51,+19.936,+10.034,+0.905
1773617760,+3.51,+19.944, +9.910,+0.905
1773618060,+3.51,+19.961, +9.987,+0.905
1773618360,+3.51,+19.986,+10.001,+0.905
1773618660,+3.51,+19.994,+10.101,+0.905
1773618960,+3.51,+19.994,+10.215,+0.905
1773619260,+3.51,+20.036,+10.129,+0.905
1773619560,+3.51,+20.028,+10.094,+0.906
1773619860,+3.51,+20.028,+10.152,+0.906
1773620160,+3.51,+20.019,+10.377,+0.905
1773620460,+3.51,+20.044,+10.393,+0.905
1773620760,+3.51,+20.044,+10.304,+0.905
1773621060,+3.51,+20.069,+10.044,+0.905
1773621360,+3.51,+20.061,+10.209,+0.905
1773621660,+3.51,+20.069,+10.331,+0.905
1773621960,+3.51,+20.078,+10.266,+0.905
1773622260,+3.51,+20.078,+10.088,+0.904
1773622560,+3.51,+20.069, +9.973,+0.905
1773622860,+3.51,+20.061, +9.991,+0.905
1773623160,+3.51,+20.095, +9.999,+0.904
1773623460,+3.51,+20.078,+10.234,+0.905
1773623760,+3.51,+20.061,+10.405,+0.905
1773624060,+3.51,+20.061,+10.295,+0.905
1773624360,+3.51,+20.061,+10.007,+0.905
1773624660,+3.51,+20.053, +9.958,+0.905
1773624960,+3.51,+20.036, +9.918,+0.905
1773625260,+3.51,+20.036,+10.081,+0.905
1773625560,+3.51,+20.003,+10.165,+0.905
1773625860,+3.51,+19.994, +9.909,+0.904
1773626160,+3.51,+20.011, +9.732,+0.905
1773626460,+3.51,+19.961, +9.742,+0.904
1773626760,+3.51,+19.936, +9.607,+0.904
1773627060,+3.51,+19.944, +9.672,+0.905
1773627360,+3.51,+19.911, +9.464,+0.903
1773627660,+3.51,+19.902, +9.069,+0.902
1773627960,+3.51,+19.902, +8.316,+0.901
1773628260,+3.51,+19.877, +8.174,+0.901
1773628560,+3.51,+19.869, +8.843,+0.903
1773628860,+3.51,+19.844, +9.507,+0.904
1773629160,+3.51,+19.835, +9.601,+0.904
1773629460,+3.51,+19.802, +9.652,+0.904
1773629760,+3.51,+19.810, +9.282,+0.903
1773630060,+3.51,+19.785, +9.053,+0.905
1773630360,+3.51,+19.768, +9.327,+0.905
1773630660,+3.51,+19.751, +8.895,+0.905
1773630960,+3.51,+19.743, +9.289,+0.905
1773631260,+3.51,+19.693, +9.496,+0.904
1773631560,+3.51,+19.659, +9.258,+0.905
1773631860,+3.51,+19.643, +9.072,+0.904
