7450-372515
OS REV: 1.05 Sensor Cal: 1705526694
Time (sec),  BV (Volts),  T (deg C),  DO (mg/l),  Q ()
1768863660,+3.48,+10.501, +8.039,+0.911
1768863960,+3.48,+10.510, +8.050,+0.911
1768864260,+3.48,+10.510, +8.063,+0.911
1768864560,+3.48,+10.528, +8.051,+0.911
1768864860,+3.48,+10.528, +8.049,+0.911
1768865160,+3.48,+10.574, +8.073,+0.911
1768865460,+3.48,+10.574, +8.047,+0.910
1768865760,+3.48,+10.556, +8.059,+0.911
1768866060,+3.48,+10.583, +8.063,+0.911
1768866360,+3.48,+10.583, +8.062,+0.911
1768866660,+3.48,+10.565, +8.077,+0.911
1768866960,+3.48,+10.583, +8.059,+0.911
1768867260,+3.48,+10.592, +8.074,+0.911
1768867560,+3.48,+10.601, +8.118,+0.911
1768867860,+3.48,+10.556, +8.095,+0.911
1768868160,+3.48,+10.565, +8.067,+0.911
1768868460,+3.48,+10.565, +8.046,+0.911
1768868760,+3.48,+10.565, +8.101,+0.910
1768869060,+3.48,+10.556, +8.103,+0.911
1768869360,+3.48,+10.565, +8.094,+0.911
1768869660,+3.48,+10.538, +8.039,+0.911
1768869960,+3.48,+10.519, +8.062,+0.911
1768870260,+3.48,+10.528, +8.062,+0.911
1768870560,+3.48,+10.547, +8.110,+0.911
1768870860,+3.48,+10.528, +8.071,+0.911
1768871160,+3.48,+10.519, +8.067,+0.911
1768871460,+3.48,+10.519, +8.078,+0.911
1768871760,+3.48,+10.492, +8.010,+0.911
1768872060,+3.48,+10.474, +8.017,+0.911
1768872360,+3.48,+10.474, +8.013,+0.911
1768872660,+3.48,+10.483, +8.016,+0.911
1768872960,+3.49,+10.465, +8.031,+0.911
1768873260,+3.49,+10.447, +8.031,+0.911
1768873560,+3.49,+10.447, +8.053,+0.911
1768873860,+3.48,+10.447, +8.051,+0.911
1768874160,+3.49,+10.438, +8.026,+0.911
1768874460,+3.49,+10.429, +8.053,+0.911
1768874760,+3.48,+10.438, +8.116,+0.911
1768875060,+3.49,+10.447, +8.166,+0.911
1768875360,+3.49,+10.447, +8.128,+0.911
1768875660,+3.49,+10.420, +8.042,+0.911
1768875960,+3.49,+10.401, +8.046,+0.911
1768876260,+3.49,+10.401, +8.096,+0.911
1768876560,+3.49,+10.392, +8.132,+0.911
1768876860,+3.49,+10.401, +8.102,+0.911
1768877160,+3.49,+10.420, +8.045,+0.911
1768877460,+3.49,+10.347, +8.025,+0.911
1768877760,+3.49,+10.338, +7.944,+0.911
1768878060,+3.49,+10.329, +8.078,+0.911
1768878360,+3.49,+10.347, +8.081,+0.911
1768878660,+3.49,+10.347, +8.087,+0.911
1768878960,+3.49,+10.347, +8.118,+0.911
1768879260,+3.49,+10.338, +8.040,+0.911
1768879560,+3.49,+10.319, +8.111,+0.911
1768879860,+3.49,+10.310, +8.045,+0.911
1768880160,+3.49,+10.274, +8.044,+0.911
1768880460,+3.49,+10.310, +8.064,+0.911
1768880760,+3.49,+10.301, +8.078,+0.911
1768881060,+3.49,+10.265, +8.068,+0.911
1768881360,+3.49,+10.283, +8.028,+0.911
1768881660,+3.49,+10.274, +7.960,+0.911
1768881960,+3.49,+10.292, +8.006,+0.911
1768882260,+3.49,+10.265, +8.008,+0.911
1768882560,+3.49,+10.265, +8.099,+0.911
1768882860,+3.49,+10.274, +8.088,+0.911
1768883160,+3.49,+10.274, +8.028,+0.911
1768883460,+3.49,+10.274, +7.982,+0.911
1768883760,+3.49,+10.274, +8.009,+0.911
1768884060,+3.49,+10.283, +8.003,+0.911
1768884360,+3.49,+10.265, +7.990,+0.911
1768884660,+3.49,+10.238, +7.982,+0.911
1768884960,+3.49,+10.219, +7.962,+0.911
1768885260,+3.49,+10.210, +7.979,+0.911
1768885560,+3.49,+10.228, +7.918,+0.911
1768885860,+3.49,+10.228, +7.971,+0.911
1768886160,+3.49,+10.219, +7.932,+0.911
1768886460,+3.49,+10.210, +7.944,+0.911
1768886760,+3.49,+10.219, +7.925,+0.911
1768887060,+3.49,+10.219, +7.949,+0.911
1768887360,+3.49,+10.210, +7.944,+0.911
1768887660,+3.49,+10.210, +7.951,+0.911
1768887960,+3.49,+10.228, +7.936,+0.911
1768888260,+3.49,+10.238, +7.918,+0.911
1768888560,+3.49,+10.192, +7.875,+0.911
1768888860,+3.49,+10.146, +7.849,+0.911
1768889160,+3.49,+10.183, +7.924,+0.911
1768889460,+3.49,+10.183, +7.926,+0.911
1768889760,+3.49,+10.165, +7.922,+0.911
1768890060,+3.49,+10.174, +7.907,+0.911
1768890360,+3.49,+10.174, +7.907,+0.911
1768890660,+3.49,+10.192, +7.913,+0.911
1768890960,+3.49,+10.155, +7.868,+0.911
1768891260,+3.48,+10.146, +7.804,+0.911
1768891560,+3.49,+10.137, +7.797,+0.911
1768891860,+3.48,+10.137, +7.834,+0.911
1768892160,+3.48,+10.174, +7.838,+0.911
1768892460,+3.48,+10.146, +7.860,+0.911
1768892760,+3.48,+10.137, +7.821,+0.911
1768893060,+3.48,+10.137, +7.848,+0.911
1768893360,+3.48,+10.137, +7.875,+0.911
1768893660,+3.48,+10.137, +7.803,+0.911
1768893960,+3.48,+10.128, +7.769,+0.911
1768894260,+3.48,+10.101, +7.754,+0.911
1768894560,+3.48,+10.101, +7.726,+0.911
1768894860,+3.48,+10.082, +7.721,+0.911
1768895160,+3.48,+10.101, +7.734,+0.911
1768895460,+3.48,+10.073, +7.750,+0.911
1768895760,+3.48,+10.128, +7.743,+0.911
1768896060,+3.48,+10.092, +7.770,+0.911
1768896360,+3.48,+10.110, +7.764,+0.911
1768896660,+3.48,+10.119, +7.762,+0.911
1768896960,+3.48,+10.110, +7.754,+0.911
1768897260,+3.48,+10.101, +7.756,+0.911
1768897560,+3.48,+10.119, +7.749,+0.911
1768897860,+3.48,+10.128, +7.745,+0.911
1768898160,+3.48,+10.082, +7.740,+0.911
1768898460,+3.48,+10.092, +7.731,+0.911
1768898760,+3.48,+10.101, +7.744,+0.911
1768899060,+3.48,+10.101, +7.754,+0.911
1768899360,+3.48,+10.082, +7.737,+0.911
1768899660,+3.48,+10.082, +7.738,+0.911
1768899960,+3.48,+10.101, +7.735,+0.911
1768900260,+3.48,+10.092, +7.744,+0.911
1768900560,+3.48,+10.101, +7.740,+0.911
1768900860,+3.48,+10.110, +7.720,+0.911
1768901160,+3.48,+10.092, +7.737,+0.912
1768901460,+3.48,+10.101, +7.733,+0.911
1768901760,+3.48,+10.092, +7.742,+0.911
1768902060,+3.48,+10.082, +7.743,+0.911
1768902360,+3.48,+10.101, +7.737,+0.911
1768902660,+3.48,+10.064, +7.709,+0.911
1768902960,+3.48,+10.046, +7.706,+0.911
1768903260,+3.48,+10.055, +7.702,+0.911
1768903560,+3.48,+10.064, +7.676,+0.911
1768903860,+3.48,+10.055, +7.656,+0.911
1768904160,+3.48,+10.055, +7.658,+0.911
1768904460,+3.48,+10.073, +7.660,+0.911
1768904760,+3.48,+10.082, +7.645,+0.911
1768905060,+3.48,+10.064, +7.675,+0.911
1768905360,+3.48,+10.082, +7.680,+0.911
1768905660,+3.48,+10.064, +7.661,+0.911
1768905960,+3.48,+10.064, +7.669,+0.911
1768906260,+3.48,+10.055, +7.671,+0.911
1768906560,+3.48,+10.037, +7.638,+0.911
1768906860,+3.48,+10.028, +7.648,+0.911
1768907160,+3.48,+10.028, +7.667,+0.911
1768907460,+3.48,+10.028, +7.679,+0.911
1768907760,+3.48,+10.009, +7.672,+0.911
1768908060,+3.48,+10.037, +7.670,+0.911
1768908360,+3.48,+10.028, +7.673,+0.911
1768908660,+3.48,+10.055, +7.622,+0.911
1768908960,+3.48,+10.037, +7.649,+0.911
1768909260,+3.48,+10.046, +7.671,+0.911
1768909560,+3.48,+10.046, +7.686,+0.911
1768909860,+3.48,+10.037, +7.706,+0.911
1768910160,+3.48,+10.046, +7.711,+0.911
1768910460,+3.48,+10.019, +7.714,+0.911
1768910760,+3.48,+10.055, +7.702,+0.911
1768911060,+3.48,+10.028, +7.705,+0.911
1768911360,+3.48,+10.028, +7.702,+0.911
1768911660,+3.48,+10.009, +7.728,+0.911
1768911960,+3.48,+10.046, +7.718,+0.911
1768912260,+3.48,+10.055, +7.722,+0.911
1768912560,+3.48,+10.046, +7.726,+0.911
1768912860,+3.48,+10.046, +7.723,+0.911
1768913160,+3.48,+10.019, +7.728,+0.911
1768913460,+3.48,+10.000, +7.714,+0.911
1768913760,+3.48,+10.028, +7.746,+0.911
1768914060,+3.48,+10.028, +7.769,+0.911
1768914360,+3.48,+10.046, +7.759,+0.911
1768914660,+3.48,+10.028, +7.741,+0.911
1768914960,+3.48,+10.037, +7.715,+0.911
1768915260,+3.48,+10.019, +7.705,+0.911
1768915560,+3.48,+10.009, +7.702,+0.911
1768915860,+3.48,+10.019, +7.691,+0.911
1768916160,+3.48,+10.009, +7.674,+0.911
1768916460,+3.48, +9.973, +7.672,+0.911
1768916760,+3.48, +9.982, +7.679,+0.911
1768917060,+3.48, +9.973, +7.724,+0.911
1768917360,+3.48,+10.019, +7.715,+0.911
1768917660,+3.48,+10.046, +7.706,+0.911
1768917960,+3.48,+10.064, +7.718,+0.911
1768918260,+3.48,+10.055, +7.693,+0.911
1768918560,+3.48,+10.028, +7.722,+0.912
1768918860,+3.48,+10.037, +7.722,+0.911
1768919160,+3.48,+10.046, +7.719,+0.911
1768919460,+3.48,+10.073, +7.719,+0.911
1768919760,+3.48,+10.073, +7.702,+0.911
1768920060,+3.48,+10.055, +7.696,+0.911
1768920360,+3.48,+10.037, +7.694,+0.911
1768920660,+3.48,+10.073, +7.687,+0.911
1768920960,+3.48,+10.055, +7.688,+0.911
1768921260,+3.48,+10.073, +7.708,+0.911
1768921560,+3.48,+10.064, +7.684,+0.911
1768921860,+3.48,+10.064, +7.671,+0.911
1768922160,+3.48,+10.028, +7.692,+0.911
1768922460,+3.48,+10.055, +7.707,+0.911
1768922760,+3.48,+10.028, +7.703,+0.911
1768923060,+3.48,+10.028, +7.697,+0.911
1768923360,+3.48,+10.000, +7.680,+0.911
1768923660,+3.48, +9.982, +7.681,+0.911
1768923960,+3.48, +9.964, +7.680,+0.911
1768924260,+3.48, +9.964, +7.680,+0.911
1768924560,+3.48, +9.954, +7.690,+0.911
1768924860,+3.48, +9.964, +7.682,+0.911
1768925160,+3.48,+10.009, +7.704,+0.911
1768925460,+3.48, +9.982, +7.693,+0.911
1768925760,+3.48, +9.973, +7.700,+0.911
1768926060,+3.48, +9.991, +7.699,+0.911
1768926360,+3.48,+10.009, +7.712,+0.912
1768926660,+3.48,+10.009, +7.718,+0.911
1768926960,+3.48,+10.000, +7.700,+0.911
1768927260,+3.48, +9.954, +7.723,+0.911
1768927560,+3.48, +9.991, +7.728,+0.911
1768927860,+3.48, +9.982, +7.703,+0.911
1768928160,+3.48, +9.982, +7.704,+0.911
1768928460,+3.48,+10.009, +7.727,+0.911
1768928760,+3.48,+10.019, +7.735,+0.911
1768929060,+3.48,+10.019, +7.732,+0.911
1768929360,+3.48,+10.019, +7.709,+0.911
1768929660,+3.48,+10.037, +7.799,+0.911
1768929960,+3.48,+10.028, +7.779,+0.911
1768930260,+3.48,+10.037, +7.817,+0.911
1768930560,+3.48,+10.009, +7.801,+0.911
1768930860,+3.48, +9.991, +7.819,+0.912
1768931160,+3.48,+10.019, +7.798,+0.911
1768931460,+3.48,+10.000, +7.796,+0.911
1768931760,+3.48,+10.019, +7.840,+0.911
1768932060,+3.48,+10.064, +7.747,+0.911
1768932360,+3.48,+10.055, +7.823,+0.911
1768932660,+3.48,+10.110, +7.813,+0.911
1768932960,+3.48,+10.073, +7.853,+0.911
1768933260,+3.48,+10.092, +7.844,+0.911
1768933560,+3.48,+10.101, +7.853,+0.911
1768933860,+3.48,+10.110, +7.914,+0.911
1768934160,+3.48,+10.110, +7.895,+0.911
1768934460,+3.48,+10.128, +7.855,+0.911
1768934760,+3.48,+10.128, +7.885,+0.911
1768935060,+3.48,+10.146, +7.851,+0.911
1768935360,+3.49,+10.183, +7.841,+0.911
1768935660,+3.49,+10.165, +7.866,+0.911
1768935960,+3.49,+10.174, +7.880,+0.911
1768936260,+3.49,+10.183, +7.929,+0.911
1768936560,+3.49,+10.155, +7.953,+0.911
1768936860,+3.49,+10.183, +7.961,+0.911
1768937160,+3.49,+10.183, +7.957,+0.911
1768937460,+3.49,+10.201, +7.994,+0.912
1768937760,+3.49,+10.210, +7.984,+0.911
1768938060,+3.49,+10.201, +8.012,+0.911
1768938360,+3.49,+10.219, +8.040,+0.911
1768938660,+3.49,+10.210, +8.027,+0.911
1768938960,+3.49,+10.219, +8.038,+0.911
1768939260,+3.49,+10.201, +8.100,+0.911
1768939560,+3.49,+10.210, +8.108,+0.911
1768939860,+3.49,+10.192, +8.126,+0.911
1768940160,+3.49,+10.201, +8.097,+0.911
1768940460,+3.49,+10.247, +8.076,+0.911
1768940760,+3.49,+10.247, +8.065,+0.911
1768941060,+3.49,+10.292, +8.037,+0.911
1768941360,+3.49,+10.283, +8.029,+0.911
1768941660,+3.49,+10.292, +8.055,+0.911
1768941960,+3.49,+10.319, +8.083,+0.911
1768942260,+3.49,+10.329, +8.095,+0.911
1768942560,+3.49,+10.356, +8.074,+0.911
1768942860,+3.49,+10.356, +8.076,+0.911
1768943160,+3.49,+10.356, +8.077,+0.911
1768943460,+3.49,+10.383, +8.053,+0.911
1768943760,+3.49,+10.374, +8.029,+0.911
1768944060,+3.49,+10.374, +8.008,+0.911
1768944360,+3.49,+10.410, +8.003,+0.911
1768944660,+3.49,+10.410, +8.023,+0.911
1768944960,+3.49,+10.420, +7.988,+0.911
1768945260,+3.49,+10.420, +7.994,+0.911
1768945560,+3.49,+10.438, +7.993,+0.911
1768945860,+3.49,+10.410, +7.951,+0.911
1768946160,+3.49,+10.438, +7.963,+0.911
1768946460,+3.49,+10.438, +7.970,+0.911
1768946760,+3.49,+10.429, +7.927,+0.911
1768947060,+3.49,+10.501, +7.999,+0.911
1768947360,+3.49,+10.474, +8.027,+0.911
1768947660,+3.49,+10.456, +8.034,+0.911
1768947960,+3.49,+10.510, +7.996,+0.911
1768948260,+3.49,+10.492, +7.945,+0.911
1768948560,+3.49,+10.528, +7.988,+0.911
1768948860,+3.49,+10.538, +8.008,+0.911
1768949160,+3.49,+10.547, +8.027,+0.911
1768949460,+3.48,+10.583, +8.050,+0.911
1768949760,+3.49,+10.565, +8.088,+0.911
1768950060,+3.49,+10.583, +8.094,+0.911
