7450-372515
OS REV: 1.05 Sensor Cal: 1705526694
Time (sec),  BV (Volts),  T (deg C),  DO (mg/l),  Q ()
1771031160,+3.49,+17.102, +9.663,+0.908
1771031460,+3.50,+16.950, +9.518,+0.907
1771031760,+3.49,+16.789, +9.575,+0.907
1771032060,+3.49,+16.508, +9.608,+0.907
1771032360,+3.49,+16.338, +9.539,+0.907
1771032660,+3.50,+16.211, +9.475,+0.908
1771032960,+3.50,+16.134, +9.516,+0.908
1771033260,+3.50,+15.989, +9.416,+0.908
1771033560,+3.50,+15.972, +9.481,+0.908
1771033860,+3.49,+15.716, +8.831,+0.907
1771034160,+3.49,+15.442, +8.605,+0.907
1771034460,+3.50,+15.228, +8.424,+0.907
1771034760,+3.50,+15.176, +8.412,+0.908
1771035060,+3.50,+15.202, +8.493,+0.908
1771035360,+3.50,+15.194, +8.470,+0.908
1771035660,+3.50,+15.116, +8.412,+0.908
1771035960,+3.50,+15.090, +8.419,+0.909
1771036260,+3.50,+15.159, +8.615,+0.908
1771036560,+3.50,+15.090, +8.410,+0.908
1771036860,+3.50,+15.408, +8.969,+0.909
1771037160,+3.50,+15.331, +8.638,+0.908
1771037460,+3.50,+15.348, +8.746,+0.909
1771037760,+3.50,+15.357, +8.767,+0.909
1771038060,+3.50,+14.936, +8.138,+0.908
1771038360,+3.50,+14.643, +8.016,+0.908
1771038660,+3.50,+14.453, +7.940,+0.908
1771038960,+3.50,+14.358, +7.961,+0.908
1771039260,+3.50,+14.401, +8.022,+0.908
1771039560,+3.50,+14.366, +8.034,+0.909
1771039860,+3.50,+14.487, +8.206,+0.909
1771040160,+3.50,+14.193, +7.830,+0.908
1771040460,+3.50,+14.202, +7.955,+0.909
1771040760,+3.50,+14.167, +7.904,+0.909
1771041060,+3.50,+14.150, +7.911,+0.909
1771041360,+3.50,+14.436, +8.224,+0.910
1771041660,+3.50,+14.539, +8.233,+0.909
1771041960,+3.50,+14.764, +8.489,+0.909
1771042260,+3.50,+14.858, +8.501,+0.910
1771042560,+3.50,+15.056, +8.688,+0.909
1771042860,+3.50,+15.099, +8.786,+0.909
1771043160,+3.50,+15.125, +8.906,+0.909
1771043460,+3.50,+14.815, +8.755,+0.909
1771043760,+3.50,+14.332, +8.297,+0.908
1771044060,+3.50,+14.513, +8.706,+0.908
1771044360,+3.50,+14.167, +8.481,+0.908
1771044660,+3.50,+13.959, +8.511,+0.909
1771044960,+3.50,+13.698, +8.210,+0.908
1771045260,+3.50,+13.567, +8.329,+0.909
1771045560,+3.50,+13.279, +7.992,+0.909
1771045860,+3.50,+13.297, +8.114,+0.909
1771046160,+3.50,+13.200, +7.958,+0.909
1771046460,+3.50,+13.078, +7.806,+0.909
1771046760,+3.50,+13.086, +7.893,+0.910
1771047060,+3.50,+13.069, +7.796,+0.910
1771047360,+3.50,+13.016, +7.824,+0.910
1771047660,+3.50,+12.981, +7.874,+0.910
1771047960,+3.50,+13.139, +8.070,+0.910
1771048260,+3.50,+13.113, +8.016,+0.910
1771048560,+3.50,+13.227, +8.923,+0.910
1771048860,+3.50,+13.401, +8.985,+0.910
1771049160,+3.50,+12.955, +8.516,+0.909
1771049460,+3.50,+12.867, +8.380,+0.909
1771049760,+3.50,+12.893, +7.939,+0.910
1771050060,+3.50,+12.946, +7.929,+0.910
1771050360,+3.50,+12.955, +7.940,+0.910
1771050660,+3.50,+12.972, +7.991,+0.910
1771050960,+3.50,+13.130, +8.248,+0.911
1771051260,+3.50,+13.471, +8.566,+0.911
1771051560,+3.50,+13.655, +8.684,+0.911
1771051860,+3.50,+13.759, +8.724,+0.911
1771052160,+3.50,+13.742, +8.722,+0.910
1771052460,+3.50,+13.742, +8.723,+0.910
1771052760,+3.50,+13.288, +8.769,+0.909
1771053060,+3.50,+12.735, +8.628,+0.909
1771053360,+3.50,+12.752, +8.475,+0.910
1771053660,+3.50,+12.620, +8.657,+0.910
1771053960,+3.50,+12.858, +8.302,+0.910
1771054260,+3.50,+12.603, +8.718,+0.910
1771054560,+3.50,+12.700, +8.739,+0.910
1771054860,+3.50,+12.682, +8.840,+0.910
1771055160,+3.50,+12.858, +8.590,+0.911
1771055460,+3.50,+12.955, +8.234,+0.910
1771055760,+3.50,+13.007, +8.260,+0.910
1771056060,+3.50,+12.990, +8.369,+0.910
1771056360,+3.50,+13.095, +8.417,+0.910
1771056660,+3.50,+13.183, +8.503,+0.910
1771056960,+3.50,+13.218, +8.528,+0.910
1771057260,+3.50,+12.937, +8.577,+0.909
1771057560,+3.50,+12.576, +8.709,+0.910
1771057860,+3.50,+12.391, +8.698,+0.910
1771058160,+3.50,+12.329, +8.802,+0.910
1771058460,+3.50,+12.240, +8.886,+0.910
1771058760,+3.50,+12.302, +8.781,+0.910
1771059060,+3.50,+12.116, +8.804,+0.910
1771059360,+3.50,+12.107, +8.878,+0.911
1771059660,+3.50,+12.346, +8.607,+0.910
1771059960,+3.50,+12.320, +8.644,+0.910
1771060260,+3.50,+12.249, +8.817,+0.911
1771060560,+3.50,+12.576, +8.637,+0.910
1771060860,+3.50,+12.673, +8.586,+0.911
1771061160,+3.50,+12.364, +8.764,+0.910
1771061460,+3.50,+12.338, +8.713,+0.910
1771061760,+3.50,+12.338, +8.704,+0.911
1771062060,+3.50,+12.435, +8.615,+0.910
1771062360,+3.50,+12.559, +8.601,+0.910
1771062660,+3.50,+12.567, +8.525,+0.910
1771062960,+3.50,+12.629, +8.447,+0.910
1771063260,+3.50,+12.594, +8.383,+0.910
1771063560,+3.50,+12.603, +8.335,+0.910
1771063860,+3.50,+12.576, +8.288,+0.910
1771064160,+3.50,+12.620, +8.157,+0.910
1771064460,+3.50,+12.682, +8.053,+0.910
1771064760,+3.50,+12.717, +7.898,+0.910
1771065060,+3.50,+12.779, +7.832,+0.910
1771065360,+3.50,+12.832, +7.732,+0.910
1771065660,+3.50,+12.849, +7.693,+0.910
1771065960,+3.50,+12.876, +7.672,+0.910
1771066260,+3.50,+12.884, +7.626,+0.910
1771066560,+3.50,+12.928, +7.621,+0.910
1771066860,+3.50,+12.928, +7.592,+0.910
1771067160,+3.50,+12.928, +7.561,+0.910
1771067460,+3.50,+12.876, +7.630,+0.910
1771067760,+3.50,+12.849, +7.630,+0.910
1771068060,+3.50,+12.840, +7.606,+0.910
1771068360,+3.50,+12.788, +7.640,+0.910
1771068660,+3.50,+12.770, +7.640,+0.910
1771068960,+3.50,+12.735, +7.724,+0.910
1771069260,+3.50,+12.691, +7.823,+0.910
1771069560,+3.50,+12.700, +7.790,+0.910
1771069860,+3.50,+12.673, +7.695,+0.911
1771070160,+3.50,+12.682, +7.724,+0.910
1771070460,+3.50,+12.673, +7.728,+0.910
1771070760,+3.50,+12.691, +7.697,+0.910
1771071060,+3.50,+12.647, +7.668,+0.910
1771071360,+3.50,+12.647, +7.649,+0.910
1771071660,+3.50,+12.656, +7.609,+0.910
1771071960,+3.50,+12.664, +7.517,+0.910
1771072260,+3.50,+12.647, +7.519,+0.910
1771072560,+3.50,+12.346, +7.786,+0.910
1771072860,+3.50,+12.329, +7.795,+0.910
1771073160,+3.50,+12.391, +7.861,+0.910
1771073460,+3.50,+12.364, +7.612,+0.910
1771073760,+3.50,+12.223, +7.724,+0.910
1771074060,+3.50,+12.152, +7.695,+0.910
1771074360,+3.50,+12.081, +7.683,+0.910
1771074660,+3.50,+12.010, +7.514,+0.910
1771074960,+3.50,+11.974, +7.328,+0.910
1771075260,+3.50,+11.956, +7.241,+0.910
1771075560,+3.50,+11.956, +7.176,+0.910
1771075860,+3.50,+12.001, +6.977,+0.910
1771076160,+3.50,+12.054, +7.129,+0.910
1771076460,+3.50,+12.063, +7.219,+0.911
1771076760,+3.50,+11.956, +7.264,+0.910
1771077060,+3.50,+11.876, +7.287,+0.910
1771077360,+3.50,+11.876, +7.557,+0.910
1771077660,+3.50,+11.938, +7.651,+0.910
1771077960,+3.50,+11.876, +7.614,+0.910
1771078260,+3.50,+11.778, +7.624,+0.910
1771078560,+3.50,+11.778, +7.608,+0.910
1771078860,+3.50,+11.778, +7.579,+0.910
1771079160,+3.50,+11.626, +7.575,+0.910
1771079460,+3.50,+11.618, +7.541,+0.911
1771079760,+3.50,+11.403, +7.529,+0.910
1771080060,+3.50,+11.331, +7.447,+0.910
1771080360,+3.50,+11.322, +7.352,+0.910
1771080660,+3.50,+11.268, +7.251,+0.911
1771080960,+3.50,+11.196, +7.308,+0.911
1771081260,+3.50,+11.196, +7.276,+0.910
1771081560,+3.50,+11.232, +7.421,+0.911
1771081860,+3.50,+11.214, +7.324,+0.910
1771082160,+3.50,+11.214, +7.110,+0.910
1771082460,+3.50,+11.358, +6.950,+0.911
1771082760,+3.50,+11.367, +7.048,+0.910
1771083060,+3.50,+11.501, +7.124,+0.910
1771083360,+3.50,+11.582, +7.110,+0.911
1771083660,+3.50,+11.591, +7.085,+0.910
1771083960,+3.50,+11.609, +7.064,+0.911
1771084260,+3.50,+11.564, +7.059,+0.910
1771084560,+3.50,+11.474, +6.976,+0.910
1771084860,+3.50,+11.555, +6.957,+0.910
1771085160,+3.50,+11.644, +7.041,+0.910
1771085460,+3.50,+11.635, +6.984,+0.910
1771085760,+3.50,+11.671, +6.922,+0.910
1771086060,+3.50,+11.653, +6.865,+0.910
1771086360,+3.50,+11.662, +6.750,+0.911
1771086660,+3.50,+11.644, +6.731,+0.911
1771086960,+3.50,+11.653, +6.781,+0.910
1771087260,+3.50,+11.600, +6.856,+0.910
1771087560,+3.50,+11.555, +6.915,+0.910
1771087860,+3.50,+11.618, +6.816,+0.911
1771088160,+3.50,+11.725, +6.904,+0.910
1771088460,+3.50,+11.787, +6.952,+0.911
1771088760,+3.50,+11.894, +7.394,+0.910
1771089060,+3.50,+11.930, +7.462,+0.910
1771089360,+3.50,+11.938, +7.432,+0.910
1771089660,+3.50,+11.956, +7.515,+0.910
1771089960,+3.50,+11.930, +7.488,+0.911
1771090260,+3.50,+11.974, +7.594,+0.910
1771090560,+3.50,+12.027, +7.639,+0.910
1771090860,+3.50,+12.018, +7.661,+0.910
1771091160,+3.49,+12.178, +7.708,+0.910
1771091460,+3.49,+12.214, +7.657,+0.910
1771091760,+3.49,+12.160, +7.637,+0.910
1771092060,+3.49,+12.338, +7.645,+0.910
1771092360,+3.49,+12.329, +7.547,+0.910
1771092660,+3.50,+12.435, +7.345,+0.910
1771092960,+3.50,+12.673, +7.344,+0.910
1771093260,+3.50,+12.779, +7.455,+0.910
1771093560,+3.50,+12.840, +7.537,+0.910
1771093860,+3.50,+12.928, +7.675,+0.910
1771094160,+3.50,+12.937, +7.669,+0.910
1771094460,+3.50,+12.981, +7.681,+0.910
1771094760,+3.50,+13.007, +7.699,+0.910
1771095060,+3.50,+13.025, +7.677,+0.909
1771095360,+3.49,+13.078, +7.692,+0.909
1771095660,+3.49,+13.078, +7.724,+0.909
1771095960,+3.49,+13.139, +7.748,+0.909
1771096260,+3.49,+13.174, +7.773,+0.910
1771096560,+3.49,+13.192, +7.767,+0.909
1771096860,+3.49,+13.218, +7.778,+0.910
1771097160,+3.49,+13.235, +7.806,+0.910
1771097460,+3.49,+13.279, +7.803,+0.909
1771097760,+3.49,+13.262, +7.828,+0.909
1771098060,+3.49,+13.332, +7.845,+0.909
1771098360,+3.49,+13.332, +7.850,+0.909
1771098660,+3.49,+13.367, +7.838,+0.909
1771098960,+3.49,+13.401, +7.850,+0.909
1771099260,+3.49,+13.410, +7.874,+0.910
1771099560,+3.49,+13.506, +7.969,+0.909
1771099860,+3.49,+13.515, +7.912,+0.910
1771100160,+3.50,+13.567, +7.985,+0.909
1771100460,+3.50,+13.689, +8.141,+0.909
1771100760,+3.50,+13.829, +8.319,+0.910
1771101060,+3.50,+13.950, +8.394,+0.909
1771101360,+3.50,+14.002, +8.439,+0.909
1771101660,+3.50,+14.072, +8.437,+0.909
1771101960,+3.50,+14.124, +8.421,+0.909
1771102260,+3.49,+14.219, +8.447,+0.909
1771102560,+3.49,+14.314, +8.472,+0.909
1771102860,+3.49,+14.522, +8.607,+0.909
1771103160,+3.49,+14.496, +8.041,+0.909
1771103460,+3.49,+14.669, +8.311,+0.909
1771103760,+3.50,+14.772, +8.380,+0.909
1771104060,+3.50,+14.798, +8.211,+0.909
1771104360,+3.50,+14.789, +8.185,+0.908
1771104660,+3.50,+14.875, +8.307,+0.909
1771104960,+3.50,+14.781, +8.202,+0.908
1771105260,+3.50,+14.910, +8.470,+0.909
1771105560,+3.50,+14.936, +8.299,+0.908
1771105860,+3.50,+14.996, +8.421,+0.909
1771106160,+3.50,+15.013, +8.447,+0.908
1771106460,+3.50,+14.953, +8.277,+0.908
1771106760,+3.50,+14.884, +8.204,+0.908
1771107060,+3.50,+14.927, +8.279,+0.909
1771107360,+3.50,+14.815, +8.144,+0.908
1771107660,+3.50,+14.867, +8.232,+0.908
1771107960,+3.50,+14.953, +8.350,+0.909
1771108260,+3.50,+14.987, +8.318,+0.909
1771108560,+3.50,+15.125, +8.363,+0.909
1771108860,+3.50,+15.030, +8.264,+0.908
1771109160,+3.50,+14.936, +8.284,+0.908
1771109460,+3.50,+14.936, +8.269,+0.908
1771109760,+3.50,+15.039, +8.535,+0.909
1771110060,+3.50,+15.005, +8.413,+0.908
1771110360,+3.50,+14.850, +8.285,+0.908
1771110660,+3.50,+14.832, +8.337,+0.908
1771110960,+3.50,+14.936, +8.478,+0.908
1771111260,+3.50,+14.884, +8.420,+0.908
1771111560,+3.50,+15.005, +8.637,+0.908
1771111860,+3.50,+14.910, +8.416,+0.908
1771112160,+3.50,+14.919, +8.433,+0.909
1771112460,+3.50,+15.048, +8.658,+0.908
1771112760,+3.50,+15.056, +8.573,+0.908
1771113060,+3.50,+15.056, +8.543,+0.908
1771113360,+3.50,+15.108, +8.653,+0.909
1771113660,+3.50,+15.133, +8.742,+0.908
1771113960,+3.50,+15.039, +8.681,+0.908
1771114260,+3.50,+14.953, +8.571,+0.908
1771114560,+3.50,+14.755, +8.344,+0.908
1771114860,+3.50,+14.634, +8.174,+0.908
1771115160,+3.50,+14.531, +8.149,+0.908
1771115460,+3.50,+14.358, +7.902,+0.908
1771115760,+3.50,+14.297, +7.902,+0.909
1771116060,+3.50,+14.202, +7.795,+0.908
1771116360,+3.50,+14.219, +7.777,+0.908
1771116660,+3.50,+14.176, +7.793,+0.909
1771116960,+3.50,+14.107, +7.719,+0.909
1771117260,+3.50,+14.072, +7.693,+0.909
1771117560,+3.50,+14.028, +7.763,+0.909
