7450-372515
OS REV: 1.05 Sensor Cal: 1705526694
Time (sec),  BV (Volts),  T (deg C),  DO (mg/l),  Q ()
1772678460,+3.50,+17.237, +8.213,+0.906
1772678760,+3.50,+17.111, +8.163,+0.906
1772679060,+3.50,+17.204, +8.016,+0.906
1772679360,+3.50,+17.204, +8.067,+0.906
1772679660,+3.50,+17.111, +7.968,+0.906
1772679960,+3.50,+17.085, +7.789,+0.906
1772680260,+3.50,+17.111, +7.863,+0.906
1772680560,+3.50,+17.144, +8.246,+0.906
1772680860,+3.50,+17.144, +8.304,+0.906
1772681160,+3.51,+17.127, +8.188,+0.906
1772681460,+3.50,+17.144, +8.165,+0.906
1772681760,+3.51,+17.119, +8.163,+0.906
1772682060,+3.50,+17.068, +8.168,+0.906
1772682360,+3.51,+17.077, +8.211,+0.906
1772682660,+3.51,+17.034, +8.266,+0.907
1772682960,+3.51,+17.009, +8.277,+0.906
1772683260,+3.51,+16.975, +8.225,+0.906
1772683560,+3.51,+16.975, +8.190,+0.906
1772683860,+3.50,+16.814, +7.795,+0.906
1772684160,+3.50,+16.856, +8.209,+0.906
1772684460,+3.50,+16.797, +8.263,+0.907
1772684760,+3.50,+16.755, +8.262,+0.906
1772685060,+3.50,+16.704, +8.173,+0.906
1772685360,+3.50,+16.704, +7.999,+0.906
1772685660,+3.50,+16.695, +7.776,+0.906
1772685960,+3.50,+16.636, +7.680,+0.906
1772686260,+3.50,+16.585, +8.286,+0.907
1772686560,+3.50,+16.525, +8.271,+0.906
1772686860,+3.50,+16.508, +8.233,+0.906
1772687160,+3.50,+16.508, +8.269,+0.907
1772687460,+3.50,+16.415, +8.310,+0.907
1772687760,+3.50,+16.423, +8.196,+0.907
1772688060,+3.50,+16.389, +8.198,+0.907
1772688360,+3.51,+16.338, +8.353,+0.907
1772688660,+3.51,+16.338, +8.344,+0.907
1772688960,+3.51,+16.262, +8.379,+0.907
1772689260,+3.51,+16.211, +8.343,+0.907
1772689560,+3.51,+16.211, +8.298,+0.907
1772689860,+3.51,+16.177, +8.393,+0.907
1772690160,+3.51,+16.262, +8.429,+0.907
1772690460,+3.51,+16.236, +8.405,+0.907
1772690760,+3.51,+16.177, +8.388,+0.907
1772691060,+3.51,+16.100, +8.384,+0.907
1772691360,+3.51,+16.100, +8.383,+0.907
1772691660,+3.51,+16.092, +8.390,+0.906
1772691960,+3.51,+16.066, +8.398,+0.907
1772692260,+3.51,+16.023, +8.395,+0.907
1772692560,+3.51,+16.006, +8.355,+0.907
1772692860,+3.51,+15.972, +8.329,+0.907
1772693160,+3.51,+15.955, +8.314,+0.907
1772693460,+3.51,+15.912, +8.315,+0.907
1772693760,+3.51,+15.904, +8.289,+0.907
1772694060,+3.51,+15.878, +8.184,+0.907
1772694360,+3.51,+15.878, +8.232,+0.907
1772694660,+3.51,+15.904, +8.273,+0.907
1772694960,+3.51,+15.887, +8.249,+0.907
1772695260,+3.51,+15.793, +8.292,+0.907
1772695560,+3.50,+15.733, +8.242,+0.907
1772695860,+3.51,+15.793, +8.202,+0.907
1772696160,+3.50,+15.716, +8.218,+0.907
1772696460,+3.50,+15.639, +8.306,+0.907
1772696760,+3.50,+15.554, +8.301,+0.907
1772697060,+3.50,+15.528, +8.206,+0.907
1772697360,+3.50,+15.528, +8.202,+0.908
1772697660,+3.50,+15.511, +8.174,+0.908
1772697960,+3.50,+15.528, +7.984,+0.907
1772698260,+3.50,+15.519, +7.946,+0.907
1772698560,+3.50,+15.536, +8.232,+0.907
1772698860,+3.50,+15.485, +8.203,+0.907
1772699160,+3.50,+15.451, +8.201,+0.907
1772699460,+3.50,+15.417, +8.344,+0.908
1772699760,+3.51,+15.391, +8.327,+0.907
1772700060,+3.51,+15.322, +8.399,+0.907
1772700360,+3.51,+15.339, +8.354,+0.907
1772700660,+3.51,+15.331, +8.283,+0.907
1772700960,+3.51,+15.331, +8.233,+0.908
1772701260,+3.51,+15.331, +8.327,+0.907
1772701560,+3.51,+15.314, +8.285,+0.907
1772701860,+3.51,+15.374, +8.112,+0.907
1772702160,+3.51,+15.374, +8.148,+0.908
1772702460,+3.51,+15.357, +8.270,+0.908
1772702760,+3.50,+15.357, +8.257,+0.907
1772703060,+3.51,+15.365, +8.224,+0.908
1772703360,+3.51,+15.357, +8.595,+0.908
1772703660,+3.50,+15.365, +8.498,+0.908
1772703960,+3.50,+15.382, +8.323,+0.907
1772704260,+3.50,+15.357, +8.423,+0.907
1772704560,+3.51,+15.297, +8.549,+0.907
1772704860,+3.51,+15.202, +8.563,+0.907
1772705160,+3.51,+15.133, +8.474,+0.908
1772705460,+3.51,+15.065, +8.393,+0.908
1772705760,+3.51,+15.056, +8.373,+0.908
1772706060,+3.51,+15.039, +8.342,+0.908
1772706360,+3.51,+15.005, +8.272,+0.908
1772706660,+3.51,+14.953, +8.045,+0.907
1772706960,+3.51,+14.927, +8.229,+0.908
1772707260,+3.51,+14.919, +8.332,+0.908
1772707560,+3.51,+14.927, +8.353,+0.909
1772707860,+3.51,+14.944, +8.282,+0.908
1772708160,+3.51,+14.919, +8.210,+0.908
1772708460,+3.51,+14.953, +8.278,+0.908
1772708760,+3.51,+14.901, +8.257,+0.908
1772709060,+3.51,+14.901, +8.357,+0.908
1772709360,+3.51,+14.884, +8.310,+0.908
1772709660,+3.51,+14.970, +8.555,+0.908
1772709960,+3.51,+14.987, +8.440,+0.908
1772710260,+3.51,+14.979, +8.292,+0.908
1772710560,+3.51,+14.962, +8.255,+0.908
1772710860,+3.51,+14.944, +8.394,+0.908
1772711160,+3.51,+14.893, +8.165,+0.908
1772711460,+3.51,+14.824, +8.356,+0.908
1772711760,+3.51,+14.807, +8.368,+0.907
1772712060,+3.51,+14.815, +8.483,+0.908
1772712360,+3.51,+14.764, +8.458,+0.908
1772712660,+3.51,+14.686, +8.502,+0.908
1772712960,+3.51,+14.695, +8.591,+0.908
1772713260,+3.51,+14.772, +8.626,+0.908
1772713560,+3.51,+14.677, +8.652,+0.908
1772713860,+3.51,+14.660, +8.648,+0.908
1772714160,+3.51,+14.677, +8.583,+0.908
1772714460,+3.51,+14.660, +8.580,+0.908
1772714760,+3.51,+14.677, +8.608,+0.908
1772715060,+3.51,+14.651, +8.571,+0.908
1772715360,+3.51,+14.669, +8.438,+0.908
1772715660,+3.51,+14.651, +8.483,+0.908
1772715960,+3.51,+14.651, +8.532,+0.908
1772716260,+3.50,+14.643, +8.436,+0.908
1772716560,+3.50,+14.626, +8.508,+0.908
1772716860,+3.50,+14.626, +8.398,+0.908
1772717160,+3.50,+14.565, +8.422,+0.907
1772717460,+3.50,+14.548, +8.414,+0.908
1772717760,+3.50,+14.565, +8.493,+0.908
1772718060,+3.50,+14.539, +8.504,+0.908
1772718360,+3.50,+14.479, +8.481,+0.908
1772718660,+3.50,+14.470, +8.461,+0.908
1772718960,+3.50,+14.444, +8.480,+0.908
1772719260,+3.50,+14.462, +8.561,+0.908
1772719560,+3.50,+14.479, +8.581,+0.908
1772719860,+3.50,+14.505, +8.588,+0.908
1772720160,+3.50,+14.470, +8.605,+0.908
1772720460,+3.50,+14.479, +8.621,+0.909
1772720760,+3.50,+14.462, +8.611,+0.908
1772721060,+3.50,+14.453, +8.636,+0.908
1772721360,+3.50,+14.436, +8.555,+0.909
1772721660,+3.50,+14.306, +8.444,+0.908
1772721960,+3.51,+14.254, +8.396,+0.908
1772722260,+3.50,+14.202, +8.402,+0.908
1772722560,+3.50,+14.211, +8.493,+0.909
1772722860,+3.51,+14.185, +8.447,+0.908
1772723160,+3.51,+14.167, +8.502,+0.908
1772723460,+3.51,+14.115, +8.422,+0.908
1772723760,+3.50,+14.271, +8.613,+0.909
1772724060,+3.50,+14.263, +8.549,+0.909
1772724360,+3.50,+14.263, +8.580,+0.909
1772724660,+3.50,+14.228, +8.606,+0.908
1772724960,+3.51,+14.193, +8.592,+0.908
1772725260,+3.51,+13.994, +8.498,+0.908
1772725560,+3.51,+13.863, +8.565,+0.908
1772725860,+3.51,+14.107, +8.671,+0.908
1772726160,+3.51,+14.150, +8.745,+0.909
1772726460,+3.50,+14.219, +8.749,+0.909
1772726760,+3.50,+14.176, +8.720,+0.908
1772727060,+3.51,+14.072, +8.678,+0.908
1772727360,+3.50,+14.133, +8.723,+0.908
1772727660,+3.50,+14.185, +8.776,+0.909
1772727960,+3.50,+14.167, +8.731,+0.909
1772728260,+3.50,+14.271, +8.823,+0.909
1772728560,+3.50,+14.141, +8.722,+0.908
1772728860,+3.51,+14.046, +8.762,+0.909
1772729160,+3.51,+14.089, +8.792,+0.908
1772729460,+3.50,+14.211, +8.873,+0.909
1772729760,+3.50,+14.245, +8.788,+0.908
1772730060,+3.50,+14.340, +8.892,+0.909
1772730360,+3.50,+14.349, +8.872,+0.909
1772730660,+3.50,+14.401, +8.860,+0.909
1772730960,+3.50,+14.453, +8.990,+0.909
1772731260,+3.50,+14.444, +8.993,+0.909
1772731560,+3.50,+14.496, +9.020,+0.908
1772731860,+3.50,+14.513, +8.903,+0.909
1772732160,+3.50,+14.531, +8.928,+0.908
1772732460,+3.50,+14.418, +8.860,+0.908
1772732760,+3.50,+14.340, +8.922,+0.908
1772733060,+3.50,+14.323, +8.970,+0.908
1772733360,+3.50,+14.349, +9.010,+0.908
1772733660,+3.50,+14.401, +9.106,+0.908
1772733960,+3.50,+14.418, +9.035,+0.908
1772734260,+3.50,+14.548, +9.016,+0.908
1772734560,+3.50,+14.600, +9.089,+0.909
1772734860,+3.50,+14.600, +9.000,+0.908
1772735160,+3.50,+14.617, +9.110,+0.908
1772735460,+3.50,+14.608, +9.105,+0.908
1772735760,+3.50,+14.582, +9.113,+0.908
1772736060,+3.50,+14.686, +9.164,+0.908
1772736360,+3.51,+14.729, +9.155,+0.908
1772736660,+3.51,+14.815, +9.118,+0.908
1772736960,+3.51,+14.798, +9.114,+0.908
1772737260,+3.51,+14.781, +9.189,+0.908
1772737560,+3.51,+14.944, +9.301,+0.909
1772737860,+3.51,+14.927, +9.187,+0.908
1772738160,+3.51,+15.005, +9.191,+0.908
1772738460,+3.50,+15.030, +9.213,+0.908
1772738760,+3.51,+15.013, +9.183,+0.908
1772739060,+3.51,+15.005, +9.188,+0.908
1772739360,+3.50,+15.073, +9.246,+0.908
1772739660,+3.50,+15.194, +9.312,+0.908
1772739960,+3.50,+15.219, +9.339,+0.908
1772740260,+3.50,+15.202, +9.346,+0.908
1772740560,+3.50,+15.202, +9.350,+0.908
1772740860,+3.50,+15.219, +9.294,+0.908
1772741160,+3.50,+15.279, +9.356,+0.908
1772741460,+3.50,+15.322, +9.348,+0.907
1772741760,+3.50,+15.322, +9.264,+0.907
1772742060,+3.50,+15.305, +9.342,+0.908
1772742360,+3.50,+15.314, +9.363,+0.908
1772742660,+3.50,+15.365, +9.359,+0.907
1772742960,+3.50,+15.382, +9.347,+0.908
1772743260,+3.50,+15.408, +9.334,+0.907
1772743560,+3.50,+15.391, +9.308,+0.908
1772743860,+3.50,+15.408, +9.305,+0.908
1772744160,+3.50,+15.391, +9.282,+0.907
1772744460,+3.50,+15.391, +9.363,+0.907
1772744760,+3.50,+15.425, +9.340,+0.908
1772745060,+3.50,+15.399, +9.318,+0.908
1772745360,+3.50,+15.442, +9.293,+0.907
1772745660,+3.50,+15.476, +9.364,+0.908
1772745960,+3.50,+15.536, +9.395,+0.907
1772746260,+3.50,+15.528, +9.398,+0.908
1772746560,+3.50,+15.571, +9.440,+0.908
1772746860,+3.50,+15.562, +9.392,+0.907
1772747160,+3.50,+15.588, +9.342,+0.907
1772747460,+3.50,+15.605, +9.366,+0.908
1772747760,+3.50,+15.613, +9.396,+0.907
1772748060,+3.50,+15.622, +9.376,+0.908
1772748360,+3.50,+15.631, +9.356,+0.907
1772748660,+3.50,+15.648, +9.282,+0.908
1772748960,+3.50,+15.707, +9.279,+0.907
1772749260,+3.50,+15.699, +9.362,+0.908
1772749560,+3.50,+15.707, +9.330,+0.907
1772749860,+3.50,+15.759, +9.416,+0.908
1772750160,+3.50,+15.784, +9.411,+0.908
1772750460,+3.51,+15.801, +9.413,+0.908
1772750760,+3.51,+15.827, +9.394,+0.907
1772751060,+3.51,+15.810, +9.435,+0.907
1772751360,+3.51,+15.810, +9.454,+0.908
1772751660,+3.51,+15.853, +9.444,+0.907
1772751960,+3.51,+15.887, +9.433,+0.907
1772752260,+3.51,+15.895, +9.385,+0.907
1772752560,+3.51,+15.921, +9.441,+0.907
1772752860,+3.51,+15.878, +9.426,+0.907
1772753160,+3.51,+15.878, +9.462,+0.907
1772753460,+3.51,+15.912, +9.436,+0.908
1772753760,+3.51,+15.921, +9.377,+0.907
1772754060,+3.51,+15.929, +9.381,+0.907
1772754360,+3.51,+15.912, +9.381,+0.907
1772754660,+3.51,+15.921, +9.448,+0.906
1772754960,+3.51,+15.887, +9.445,+0.907
1772755260,+3.51,+15.895, +9.363,+0.907
1772755560,+3.51,+15.853, +9.361,+0.907
1772755860,+3.51,+15.878, +9.373,+0.907
1772756160,+3.51,+15.887, +9.543,+0.907
1772756460,+3.51,+15.836, +9.543,+0.907
1772756760,+3.50,+15.784, +9.580,+0.907
1772757060,+3.51,+15.836, +9.355,+0.907
1772757360,+3.51,+15.853, +9.432,+0.908
1772757660,+3.51,+15.836, +9.389,+0.908
1772757960,+3.51,+15.827, +9.577,+0.907
1772758260,+3.51,+15.801, +9.534,+0.907
1772758560,+3.51,+15.801, +9.491,+0.907
1772758860,+3.51,+15.819, +9.505,+0.907
1772759160,+3.50,+15.742, +9.463,+0.907
1772759460,+3.50,+15.716, +9.443,+0.907
1772759760,+3.50,+15.656, +9.461,+0.907
1772760060,+3.50,+15.682, +9.445,+0.908
1772760360,+3.50,+15.699, +9.455,+0.908
1772760660,+3.50,+15.682, +9.432,+0.907
1772760960,+3.50,+15.673, +9.577,+0.907
1772761260,+3.50,+15.673, +9.477,+0.908
1772761560,+3.50,+15.613, +9.443,+0.908
1772761860,+3.50,+15.622, +9.438,+0.908
1772762160,+3.50,+15.605, +9.413,+0.908
1772762460,+3.50,+15.613, +9.413,+0.907
1772762760,+3.50,+15.631, +9.267,+0.907
1772763060,+3.50,+15.605, +9.354,+0.907
1772763360,+3.50,+15.528, +9.405,+0.907
1772763660,+3.50,+15.485, +9.440,+0.907
1772763960,+3.50,+15.459, +9.420,+0.907
1772764260,+3.50,+15.417, +9.353,+0.908
1772764560,+3.50,+15.425, +9.233,+0.908
1772764860,+3.50,+15.399, +9.421,+0.907
