7450-372515
OS REV: 1.05 Sensor Cal: 1705526694
Time (sec),  BV (Volts),  T (deg C),  DO (mg/l),  Q ()
1770510960,+3.50,+17.254, +7.731,+0.907
1770511260,+3.50,+17.221, +7.726,+0.907
1770511560,+3.50,+17.170, +7.801,+0.907
1770511860,+3.50,+17.102, +7.934,+0.907
1770512160,+3.50,+17.077, +7.991,+0.908
1770512460,+3.50,+17.060, +8.085,+0.907
1770512760,+3.50,+17.043, +8.096,+0.907
1770513060,+3.50,+17.043, +8.095,+0.908
1770513360,+3.50,+17.034, +8.063,+0.907
1770513660,+3.50,+17.017, +8.050,+0.907
1770513960,+3.50,+17.000, +8.077,+0.908
1770514260,+3.50,+16.984, +8.123,+0.908
1770514560,+3.50,+16.992, +8.081,+0.907
1770514860,+3.50,+16.992, +8.114,+0.908
1770515160,+3.50,+16.975, +8.145,+0.907
1770515460,+3.50,+16.984, +8.134,+0.908
1770515760,+3.50,+16.958, +8.166,+0.908
1770516060,+3.50,+16.958, +8.173,+0.908
1770516360,+3.50,+16.924, +8.186,+0.908
1770516660,+3.50,+16.933, +8.170,+0.908
1770516960,+3.51,+16.916, +8.177,+0.908
1770517260,+3.51,+16.924, +8.161,+0.908
1770517560,+3.50,+16.882, +8.180,+0.908
1770517860,+3.50,+16.899, +8.192,+0.908
1770518160,+3.50,+16.856, +8.203,+0.908
1770518460,+3.50,+16.856, +8.182,+0.908
1770518760,+3.50,+16.839, +8.164,+0.908
1770519060,+3.50,+16.831, +8.189,+0.908
1770519360,+3.50,+16.822, +8.183,+0.908
1770519660,+3.50,+16.789, +8.152,+0.908
1770519960,+3.50,+16.772, +8.162,+0.908
1770520260,+3.50,+16.763, +8.192,+0.908
1770520560,+3.50,+16.746, +8.170,+0.908
1770520860,+3.50,+16.712, +8.159,+0.908
1770521160,+3.50,+16.721, +8.133,+0.908
1770521460,+3.50,+16.678, +8.131,+0.908
1770521760,+3.50,+16.644, +8.118,+0.907
1770522060,+3.50,+16.619, +8.182,+0.908
1770522360,+3.50,+16.602, +8.170,+0.908
1770522660,+3.50,+16.568, +8.126,+0.908
1770522960,+3.50,+16.559, +8.185,+0.908
1770523260,+3.50,+16.525, +8.198,+0.908
1770523560,+3.50,+16.525, +8.170,+0.908
1770523860,+3.50,+16.508, +8.165,+0.908
1770524160,+3.50,+16.474, +8.193,+0.909
1770524460,+3.50,+16.457, +8.196,+0.908
1770524760,+3.50,+16.423, +8.230,+0.909
1770525060,+3.50,+16.406, +8.197,+0.908
1770525360,+3.50,+16.372, +8.203,+0.908
1770525660,+3.50,+16.338, +8.223,+0.908
1770525960,+3.50,+16.330, +8.253,+0.908
1770526260,+3.50,+16.330, +8.243,+0.909
1770526560,+3.50,+16.270, +8.203,+0.908
1770526860,+3.50,+16.270, +8.201,+0.908
1770527160,+3.51,+16.253, +8.252,+0.909
1770527460,+3.51,+16.236, +8.238,+0.908
1770527760,+3.51,+16.202, +8.244,+0.908
1770528060,+3.51,+16.168, +8.239,+0.908
1770528360,+3.51,+16.134, +8.246,+0.908
1770528660,+3.51,+16.117, +8.271,+0.908
1770528960,+3.51,+16.100, +8.261,+0.909
1770529260,+3.51,+16.083, +8.225,+0.908
1770529560,+3.51,+16.057, +8.214,+0.908
1770529860,+3.51,+16.032, +8.180,+0.908
1770530160,+3.51,+16.015, +8.171,+0.908
1770530460,+3.51,+15.981, +8.145,+0.908
1770530760,+3.51,+15.929, +8.059,+0.909
1770531060,+3.51,+15.895, +7.987,+0.908
1770531360,+3.51,+15.870, +8.028,+0.908
1770531660,+3.51,+15.861, +8.002,+0.909
1770531960,+3.51,+15.844, +7.991,+0.908
1770532260,+3.51,+15.801, +7.971,+0.908
1770532560,+3.51,+15.801, +7.949,+0.909
1770532860,+3.51,+15.767, +8.037,+0.909
1770533160,+3.51,+15.784, +8.006,+0.909
1770533460,+3.51,+15.759, +7.982,+0.909
1770533760,+3.50,+15.716, +7.964,+0.909
1770534060,+3.50,+15.707, +7.947,+0.909
1770534360,+3.50,+15.682, +7.931,+0.909
1770534660,+3.50,+15.665, +7.800,+0.909
1770534960,+3.50,+15.656, +7.739,+0.909
1770535260,+3.50,+15.613, +7.839,+0.909
1770535560,+3.50,+15.596, +7.849,+0.909
1770535860,+3.50,+15.528, +7.813,+0.909
1770536160,+3.50,+15.502, +7.964,+0.909
1770536460,+3.50,+15.494, +8.000,+0.909
1770536760,+3.50,+15.494, +7.908,+0.909
1770537060,+3.50,+15.468, +7.897,+0.909
1770537360,+3.50,+15.442, +7.773,+0.909
1770537660,+3.50,+15.425, +7.843,+0.909
1770537960,+3.50,+15.399, +7.889,+0.909
1770538260,+3.50,+15.374, +7.870,+0.909
1770538560,+3.51,+15.357, +7.829,+0.909
1770538860,+3.50,+15.331, +7.775,+0.909
1770539160,+3.51,+15.305, +7.716,+0.909
1770539460,+3.51,+15.271, +7.823,+0.909
1770539760,+3.51,+15.262, +6.958,+0.909
1770540060,+3.51,+15.211, +7.842,+0.909
1770540360,+3.51,+15.185, +7.878,+0.909
1770540660,+3.51,+15.168, +7.785,+0.909
1770540960,+3.51,+15.159, +7.794,+0.909
1770541260,+3.51,+15.125, +7.839,+0.909
1770541560,+3.51,+15.125, +7.658,+0.909
1770541860,+3.51,+15.090, +7.354,+0.909
1770542160,+3.51,+15.065, +7.604,+0.909
1770542460,+3.51,+15.039, +7.682,+0.909
1770542760,+3.51,+14.987, +7.769,+0.909
1770543060,+3.51,+14.970, +7.677,+0.909
1770543360,+3.51,+14.944, +7.667,+0.909
1770543660,+3.51,+14.944, +7.599,+0.909
1770543960,+3.51,+14.893, +7.675,+0.910
1770544260,+3.51,+14.850, +7.731,+0.909
1770544560,+3.51,+14.850, +7.700,+0.909
1770544860,+3.51,+14.807, +7.732,+0.909
1770545160,+3.51,+14.807, +7.688,+0.910
1770545460,+3.51,+14.772, +7.657,+0.909
1770545760,+3.51,+14.746, +7.535,+0.909
1770546060,+3.51,+14.738, +7.572,+0.909
1770546360,+3.51,+14.729, +7.554,+0.909
1770546660,+3.51,+14.729, +7.612,+0.909
1770546960,+3.51,+14.703, +7.564,+0.910
1770547260,+3.51,+14.651, +7.510,+0.909
1770547560,+3.51,+14.669, +7.504,+0.910
1770547860,+3.51,+14.643, +7.397,+0.910
1770548160,+3.50,+14.634, +7.384,+0.910
1770548460,+3.50,+14.643, +7.458,+0.909
1770548760,+3.50,+14.600, +7.551,+0.910
1770549060,+3.50,+14.557, +7.579,+0.910
1770549360,+3.50,+14.548, +7.670,+0.909
1770549660,+3.50,+14.531, +7.658,+0.910
1770549960,+3.50,+14.470, +7.694,+0.910
1770550260,+3.50,+14.462, +7.665,+0.910
1770550560,+3.50,+14.444, +7.640,+0.910
1770550860,+3.50,+14.444, +7.437,+0.909
1770551160,+3.50,+14.392, +7.401,+0.910
1770551460,+3.50,+14.375, +7.489,+0.909
1770551760,+3.50,+14.349, +7.500,+0.910
1770552060,+3.50,+14.332, +7.555,+0.910
1770552360,+3.50,+14.314, +7.644,+0.910
1770552660,+3.50,+14.289, +7.626,+0.910
1770552960,+3.50,+14.245, +7.633,+0.910
1770553260,+3.51,+14.228, +7.631,+0.910
1770553560,+3.51,+14.167, +7.601,+0.910
1770553860,+3.51,+14.150, +7.637,+0.910
1770554160,+3.51,+14.098, +7.646,+0.910
1770554460,+3.51,+14.055, +7.633,+0.910
1770554760,+3.51,+14.063, +7.623,+0.910
1770555060,+3.51,+13.994, +7.640,+0.910
1770555360,+3.51,+13.985, +7.621,+0.910
1770555660,+3.51,+13.959, +7.567,+0.910
1770555960,+3.51,+13.916, +7.538,+0.910
1770556260,+3.51,+13.881, +7.554,+0.910
1770556560,+3.51,+13.855, +7.538,+0.910
1770556860,+3.51,+13.837, +7.556,+0.910
1770557160,+3.51,+13.837, +7.556,+0.910
1770557460,+3.51,+13.794, +7.561,+0.910
1770557760,+3.51,+13.776, +7.545,+0.910
1770558060,+3.51,+13.733, +7.532,+0.910
1770558360,+3.51,+13.707, +7.470,+0.910
1770558660,+3.51,+13.689, +7.386,+0.910
1770558960,+3.51,+13.655, +7.490,+0.910
1770559260,+3.51,+13.628, +7.470,+0.910
1770559560,+3.51,+13.620, +7.365,+0.910
1770559860,+3.51,+13.594, +7.481,+0.910
1770560160,+3.51,+13.559, +7.510,+0.910
1770560460,+3.51,+13.576, +7.504,+0.910
1770560760,+3.51,+13.602, +7.483,+0.910
1770561060,+3.50,+13.541, +7.452,+0.910
1770561360,+3.50,+13.498, +7.432,+0.910
1770561660,+3.50,+13.454, +7.446,+0.910
1770561960,+3.50,+13.410, +7.456,+0.910
1770562260,+3.50,+13.393, +7.568,+0.910
1770562560,+3.50,+13.401, +7.514,+0.910
1770562860,+3.50,+13.340, +7.612,+0.910
1770563160,+3.50,+13.340, +7.656,+0.910
1770563460,+3.50,+13.323, +7.611,+0.910
1770563760,+3.50,+13.270, +7.647,+0.910
1770564060,+3.50,+13.262, +7.698,+0.910
1770564360,+3.50,+13.244, +7.692,+0.910
1770564660,+3.50,+13.192, +7.706,+0.910
1770564960,+3.50,+13.156, +7.746,+0.910
1770565260,+3.50,+13.148, +7.759,+0.911
1770565560,+3.50,+13.130, +7.774,+0.910
1770565860,+3.50,+13.095, +7.775,+0.910
1770566160,+3.50,+13.078, +7.798,+0.911
1770566460,+3.50,+13.078, +7.799,+0.910
1770566760,+3.50,+13.069, +7.807,+0.910
1770567060,+3.50,+13.060, +7.831,+0.910
1770567360,+3.50,+13.078, +7.862,+0.911
1770567660,+3.50,+13.069, +7.840,+0.911
1770567960,+3.50,+13.069, +7.853,+0.911
1770568260,+3.50,+13.095, +7.771,+0.910
1770568560,+3.50,+13.104, +7.811,+0.911
1770568860,+3.50,+13.095, +7.844,+0.910
1770569160,+3.50,+13.139, +7.890,+0.911
1770569460,+3.50,+13.130, +7.880,+0.911
1770569760,+3.50,+13.183, +7.925,+0.910
1770570060,+3.50,+13.174, +7.912,+0.910
1770570360,+3.50,+13.235, +7.980,+0.911
1770570660,+3.50,+13.253, +7.993,+0.910
1770570960,+3.50,+13.288, +7.904,+0.910
1770571260,+3.50,+13.314, +8.005,+0.910
1770571560,+3.50,+13.349, +8.047,+0.911
1770571860,+3.50,+13.384, +8.001,+0.910
1770572160,+3.50,+13.436, +8.038,+0.910
1770572460,+3.50,+13.445, +8.101,+0.910
1770572760,+3.50,+13.480, +8.131,+0.910
1770573060,+3.50,+13.515, +8.122,+0.910
1770573360,+3.50,+13.541, +8.165,+0.910
1770573660,+3.50,+13.576, +8.149,+0.910
1770573960,+3.51,+13.620, +8.190,+0.910
1770574260,+3.51,+13.672, +8.215,+0.910
1770574560,+3.51,+13.681, +8.270,+0.910
1770574860,+3.51,+13.742, +8.269,+0.910
1770575160,+3.50,+13.811, +8.295,+0.910
1770575460,+3.50,+13.881, +8.321,+0.910
1770575760,+3.50,+13.950, +8.366,+0.910
1770576060,+3.50,+14.011, +8.402,+0.910
1770576360,+3.50,+14.089, +8.436,+0.910
1770576660,+3.50,+14.141, +8.471,+0.910
1770576960,+3.50,+14.219, +8.457,+0.910
1770577260,+3.50,+14.306, +8.517,+0.910
1770577560,+3.50,+14.375, +8.549,+0.910
1770577860,+3.50,+14.436, +8.572,+0.909
1770578160,+3.50,+14.505, +8.619,+0.910
1770578460,+3.50,+14.574, +8.644,+0.910
1770578760,+3.50,+14.720, +8.728,+0.910
1770579060,+3.50,+14.738, +8.719,+0.909
1770579360,+3.50,+14.815, +8.749,+0.910
1770579660,+3.50,+14.910, +8.740,+0.909
1770579960,+3.50,+14.936, +8.785,+0.910
1770580260,+3.50,+14.996, +8.760,+0.909
1770580560,+3.50,+15.030, +8.810,+0.910
1770580860,+3.50,+15.116, +8.836,+0.910
1770581160,+3.50,+15.159, +8.844,+0.909
1770581460,+3.50,+15.254, +8.873,+0.910
1770581760,+3.50,+15.297, +8.907,+0.909
1770582060,+3.50,+15.382, +8.925,+0.910
1770582360,+3.50,+15.468, +8.936,+0.909
1770582660,+3.50,+15.511, +8.988,+0.909
1770582960,+3.50,+15.613, +8.985,+0.909
1770583260,+3.50,+15.690, +8.987,+0.909
1770583560,+3.50,+15.759, +8.795,+0.909
1770583860,+3.50,+15.801, +8.923,+0.909
1770584160,+3.50,+15.904, +8.972,+0.908
1770584460,+3.50,+15.947, +9.012,+0.909
1770584760,+3.50,+16.023, +9.041,+0.909
1770585060,+3.50,+16.066, +9.056,+0.909
1770585360,+3.50,+16.134, +9.109,+0.909
1770585660,+3.50,+16.194, +9.107,+0.908
1770585960,+3.50,+16.270, +9.109,+0.909
1770586260,+3.50,+16.330, +9.109,+0.909
1770586560,+3.50,+16.406, +9.093,+0.909
1770586860,+3.50,+16.474, +9.099,+0.909
1770587160,+3.50,+16.517, +9.089,+0.908
1770587460,+3.50,+16.568, +9.114,+0.909
1770587760,+3.50,+16.636, +9.106,+0.908
1770588060,+3.50,+16.678, +9.110,+0.908
1770588360,+3.50,+16.738, +9.107,+0.908
1770588660,+3.50,+16.789, +9.123,+0.909
1770588960,+3.50,+16.839, +9.121,+0.908
1770589260,+3.50,+16.907, +9.157,+0.908
1770589560,+3.50,+16.958, +9.174,+0.908
1770589860,+3.50,+17.043, +9.179,+0.908
1770590160,+3.50,+17.111, +9.196,+0.908
1770590460,+3.50,+17.187, +9.218,+0.908
1770590760,+3.50,+17.237, +9.255,+0.908
1770591060,+3.50,+17.305, +9.266,+0.908
1770591360,+3.50,+17.314, +9.278,+0.908
1770591660,+3.50,+17.288, +9.298,+0.908
1770591960,+3.50,+17.297, +9.298,+0.908
1770592260,+3.50,+17.330, +9.296,+0.907
1770592560,+3.50,+17.373, +9.308,+0.908
1770592860,+3.50,+17.440, +9.367,+0.908
1770593160,+3.50,+17.550, +9.370,+0.908
1770593460,+3.50,+17.567, +9.410,+0.908
1770593760,+3.50,+17.601, +9.397,+0.908
1770594060,+3.50,+17.575, +9.400,+0.908
1770594360,+3.50,+17.567, +9.378,+0.908
1770594660,+3.50,+17.567, +9.370,+0.908
1770594960,+3.50,+17.618, +9.213,+0.908
1770595260,+3.50,+17.634, +9.182,+0.908
1770595560,+3.50,+17.626, +9.210,+0.908
1770595860,+3.50,+17.609, +9.208,+0.908
1770596160,+3.50,+17.618, +9.220,+0.908
1770596460,+3.50,+17.592, +9.243,+0.907
1770596760,+3.50,+17.609, +9.200,+0.907
1770597060,+3.50,+17.567, +9.224,+0.908
1770597360,+3.50,+17.550, +9.239,+0.908
