7450-372515
OS REV: 1.05 Sensor Cal: 1705526694
Time (sec),  BV (Volts),  T (deg C),  DO (mg/l),  Q ()
1769037060,+3.48,+10.646, +8.283,+0.911
1769037360,+3.48,+10.619, +8.290,+0.910
1769037660,+3.48,+10.637, +8.248,+0.910
1769037960,+3.48,+10.637, +8.269,+0.911
1769038260,+3.48,+10.646, +8.255,+0.911
1769038560,+3.48,+10.646, +8.242,+0.910
1769038860,+3.48,+10.637, +8.224,+0.911
1769039160,+3.48,+10.646, +8.219,+0.911
1769039460,+3.48,+10.619, +8.386,+0.911
1769039760,+3.48,+10.619, +8.437,+0.910
1769040060,+3.48,+10.637, +8.365,+0.911
1769040360,+3.48,+10.628, +8.391,+0.911
1769040660,+3.48,+10.637, +8.386,+0.911
1769040960,+3.48,+10.628, +8.355,+0.911
1769041260,+3.48,+10.646, +8.373,+0.910
1769041560,+3.48,+10.610, +8.366,+0.911
1769041860,+3.48,+10.646, +8.377,+0.910
1769042160,+3.48,+10.646, +8.438,+0.910
1769042460,+3.48,+10.637, +8.416,+0.911
1769042760,+3.48,+10.637, +8.357,+0.911
1769043060,+3.48,+10.646, +8.355,+0.911
1769043360,+3.48,+10.646, +8.358,+0.911
1769043660,+3.48,+10.646, +8.327,+0.910
1769043960,+3.48,+10.646, +8.239,+0.910
1769044260,+3.48,+10.619, +8.202,+0.911
1769044560,+3.48,+10.619, +8.210,+0.911
1769044860,+3.48,+10.601, +8.201,+0.911
1769045160,+3.48,+10.592, +8.220,+0.911
1769045460,+3.48,+10.619, +8.220,+0.910
1769045760,+3.48,+10.592, +8.242,+0.911
1769046060,+3.48,+10.583, +8.198,+0.911
1769046360,+3.48,+10.601, +8.224,+0.911
1769046660,+3.48,+10.601, +8.242,+0.910
1769046960,+3.48,+10.583, +8.243,+0.911
1769047260,+3.48,+10.583, +8.181,+0.911
1769047560,+3.48,+10.574, +8.192,+0.911
1769047860,+3.48,+10.565, +8.204,+0.911
1769048160,+3.48,+10.574, +8.158,+0.911
1769048460,+3.49,+10.547, +8.164,+0.911
1769048760,+3.48,+10.538, +8.163,+0.911
1769049060,+3.49,+10.528, +8.089,+0.911
1769049360,+3.49,+10.501, +8.076,+0.911
1769049660,+3.49,+10.510, +7.903,+0.910
1769049960,+3.49,+10.474, +8.060,+0.911
1769050260,+3.49,+10.483, +8.054,+0.911
1769050560,+3.49,+10.501, +8.039,+0.911
1769050860,+3.49,+10.492, +8.053,+0.911
1769051160,+3.49,+10.483, +8.026,+0.911
1769051460,+3.49,+10.483, +8.051,+0.911
1769051760,+3.49,+10.492, +8.047,+0.910
1769052060,+3.49,+10.438, +8.046,+0.911
1769052360,+3.49,+10.456, +7.986,+0.911
1769052660,+3.49,+10.474, +7.948,+0.911
1769052960,+3.49,+10.456, +7.931,+0.911
1769053260,+3.49,+10.447, +7.926,+0.911
1769053560,+3.49,+10.429, +7.931,+0.911
1769053860,+3.49,+10.438, +7.897,+0.911
1769054160,+3.49,+10.429, +7.909,+0.911
1769054460,+3.49,+10.429, +7.939,+0.911
1769054760,+3.49,+10.420, +7.957,+0.911
1769055060,+3.49,+10.410, +7.974,+0.911
1769055360,+3.49,+10.401, +7.949,+0.911
1769055660,+3.49,+10.383, +7.920,+0.911
1769055960,+3.49,+10.401, +7.915,+0.911
1769056260,+3.49,+10.383, +7.928,+0.911
1769056560,+3.49,+10.383, +7.911,+0.911
1769056860,+3.49,+10.392, +7.889,+0.911
1769057160,+3.49,+10.347, +7.893,+0.911
1769057460,+3.49,+10.356, +7.874,+0.911
1769057760,+3.49,+10.347, +7.872,+0.911
1769058060,+3.49,+10.338, +7.858,+0.911
1769058360,+3.49,+10.356, +7.820,+0.911
1769058660,+3.49,+10.329, +7.785,+0.911
1769058960,+3.49,+10.301, +7.760,+0.911
1769059260,+3.49,+10.310, +7.628,+0.911
1769059560,+3.49,+10.274, +7.782,+0.911
1769059860,+3.49,+10.274, +7.756,+0.911
1769060160,+3.49,+10.283, +7.770,+0.911
1769060460,+3.49,+10.292, +7.741,+0.911
1769060760,+3.49,+10.283, +7.787,+0.911
1769061060,+3.49,+10.265, +7.776,+0.911
1769061360,+3.49,+10.283, +7.765,+0.911
1769061660,+3.49,+10.283, +7.602,+0.911
1769061960,+3.49,+10.274, +7.665,+0.911
1769062260,+3.49,+10.247, +7.742,+0.911
1769062560,+3.49,+10.247, +7.780,+0.911
1769062860,+3.49,+10.265, +7.789,+0.911
1769063160,+3.49,+10.274, +7.767,+0.911
1769063460,+3.49,+10.247, +7.775,+0.911
1769063760,+3.49,+10.283, +7.730,+0.911
1769064060,+3.49,+10.228, +7.774,+0.911
1769064360,+3.49,+10.219, +7.735,+0.911
1769064660,+3.49,+10.219, +7.724,+0.911
1769064960,+3.49,+10.210, +7.742,+0.911
1769065260,+3.49,+10.247, +7.749,+0.911
1769065560,+3.49,+10.219, +7.728,+0.911
1769065860,+3.49,+10.228, +7.719,+0.911
1769066160,+3.49,+10.228, +7.705,+0.911
1769066460,+3.49,+10.210, +7.701,+0.911
1769066760,+3.49,+10.219, +7.712,+0.911
1769067060,+3.49,+10.228, +7.695,+0.911
1769067360,+3.49,+10.228, +7.689,+0.911
1769067660,+3.49,+10.210, +7.701,+0.911
1769067960,+3.49,+10.228, +7.694,+0.911
1769068260,+3.49,+10.183, +7.719,+0.911
1769068560,+3.49,+10.174, +7.719,+0.911
1769068860,+3.49,+10.174, +7.724,+0.911
1769069160,+3.49,+10.174, +7.689,+0.911
1769069460,+3.49,+10.174, +7.673,+0.911
1769069760,+3.49,+10.165, +7.689,+0.911
1769070060,+3.49,+10.146, +7.698,+0.911
1769070360,+3.48,+10.174, +7.700,+0.911
1769070660,+3.48,+10.165, +7.705,+0.911
1769070960,+3.48,+10.155, +7.709,+0.911
1769071260,+3.48,+10.128, +7.760,+0.911
1769071560,+3.48,+10.155, +7.727,+0.911
1769071860,+3.48,+10.137, +7.743,+0.911
1769072160,+3.48,+10.128, +7.684,+0.911
1769072460,+3.48,+10.146, +7.634,+0.911
1769072760,+3.48,+10.137, +7.664,+0.911
1769073060,+3.48,+10.137, +7.716,+0.911
1769073360,+3.48,+10.110, +7.729,+0.911
1769073660,+3.48,+10.119, +7.713,+0.911
1769073960,+3.48,+10.110, +7.691,+0.911
1769074260,+3.48,+10.101, +7.698,+0.911
1769074560,+3.48,+10.101, +7.679,+0.911
1769074860,+3.48,+10.119, +7.698,+0.911
1769075160,+3.48,+10.092, +7.705,+0.911
1769075460,+3.48,+10.101, +7.702,+0.911
1769075760,+3.48,+10.092, +7.666,+0.911
1769076060,+3.48,+10.082, +7.698,+0.911
1769076360,+3.48,+10.092, +7.657,+0.911
1769076660,+3.48,+10.101, +7.638,+0.911
1769076960,+3.48,+10.092, +7.637,+0.911
1769077260,+3.48,+10.082, +7.707,+0.911
1769077560,+3.48,+10.073, +7.736,+0.911
1769077860,+3.48,+10.064, +7.744,+0.911
1769078160,+3.48,+10.064, +7.734,+0.911
1769078460,+3.48,+10.073, +7.713,+0.911
1769078760,+3.48,+10.082, +7.710,+0.911
1769079060,+3.48,+10.055, +7.709,+0.911
1769079360,+3.48,+10.082, +7.701,+0.911
1769079660,+3.48,+10.046, +7.701,+0.911
1769079960,+3.48,+10.073, +7.708,+0.911
1769080260,+3.48,+10.055, +7.714,+0.911
1769080560,+3.48,+10.055, +7.723,+0.911
1769080860,+3.48,+10.019, +7.739,+0.911
1769081160,+3.48,+10.055, +7.726,+0.911
1769081460,+3.48,+10.037, +7.752,+0.912
1769081760,+3.48,+10.046, +7.746,+0.911
1769082060,+3.48,+10.028, +7.754,+0.911
1769082360,+3.48,+10.037, +7.767,+0.911
1769082660,+3.48,+10.028, +7.754,+0.911
1769082960,+3.48,+10.037, +7.755,+0.911
1769083260,+3.48,+10.028, +7.779,+0.911
1769083560,+3.48,+10.046, +7.812,+0.911
1769083860,+3.48,+10.019, +7.799,+0.911
1769084160,+3.48,+10.009, +7.819,+0.911
1769084460,+3.48,+10.019, +7.827,+0.911
1769084760,+3.48,+10.064, +7.872,+0.911
1769085060,+3.48,+10.055, +7.899,+0.911
1769085360,+3.48,+10.055, +7.877,+0.911
1769085660,+3.48,+10.028, +7.860,+0.911
1769085960,+3.48,+10.046, +7.847,+0.911
1769086260,+3.48,+10.037, +7.846,+0.911
1769086560,+3.48,+10.055, +7.822,+0.911
1769086860,+3.48,+10.028, +7.799,+0.911
1769087160,+3.48,+10.028, +7.797,+0.911
1769087460,+3.48,+10.000, +7.828,+0.911
1769087760,+3.48,+10.000, +7.821,+0.911
1769088060,+3.48,+10.019, +7.868,+0.911
1769088360,+3.48,+10.000, +7.893,+0.911
1769088660,+3.48,+10.009, +7.880,+0.911
1769088960,+3.48, +9.991, +7.898,+0.911
1769089260,+3.48, +9.982, +7.912,+0.911
1769089560,+3.48, +9.982, +7.921,+0.911
1769089860,+3.48,+10.019, +7.942,+0.911
1769090160,+3.48,+10.019, +7.986,+0.911
1769090460,+3.48,+10.000, +8.005,+0.911
1769090760,+3.48, +9.991, +7.976,+0.911
1769091060,+3.48, +9.973, +7.923,+0.911
1769091360,+3.48, +9.964, +7.915,+0.911
1769091660,+3.48, +9.945, +7.970,+0.911
1769091960,+3.48, +9.945, +7.968,+0.911
1769092260,+3.48, +9.936, +7.963,+0.911
1769092560,+3.48, +9.927, +7.994,+0.911
1769092860,+3.48, +9.927, +7.971,+0.911
1769093160,+3.48, +9.936, +8.000,+0.911
1769093460,+3.48, +9.936, +7.955,+0.911
1769093760,+3.48, +9.945, +8.025,+0.911
1769094060,+3.48, +9.945, +8.017,+0.911
1769094360,+3.48, +9.927, +7.982,+0.911
1769094660,+3.48, +9.936, +7.964,+0.911
1769094960,+3.48, +9.909, +7.952,+0.911
1769095260,+3.48, +9.900, +7.942,+0.911
1769095560,+3.48, +9.909, +7.928,+0.911
1769095860,+3.48, +9.918, +7.935,+0.911
1769096160,+3.48, +9.936, +7.940,+0.911
1769096460,+3.48, +9.936, +7.961,+0.911
1769096760,+3.48, +9.890, +7.972,+0.911
1769097060,+3.48, +9.918, +7.931,+0.911
1769097360,+3.48, +9.945, +7.955,+0.911
1769097660,+3.48, +9.964, +8.024,+0.911
1769097960,+3.48, +9.991, +8.026,+0.911
1769098260,+3.48, +9.991, +8.049,+0.911
1769098560,+3.48, +9.964, +8.036,+0.911
1769098860,+3.48, +9.954, +8.060,+0.911
1769099160,+3.48,+10.000, +8.091,+0.911
1769099460,+3.48,+10.000, +8.106,+0.911
1769099760,+3.48,+10.019, +8.133,+0.911
1769100060,+3.48,+10.009, +8.128,+0.911
1769100360,+3.48,+10.037, +8.144,+0.911
1769100660,+3.48,+10.055, +8.151,+0.911
1769100960,+3.48,+10.055, +8.131,+0.911
1769101260,+3.48,+10.101, +8.149,+0.911
1769101560,+3.48,+10.119, +8.195,+0.911
1769101860,+3.48,+10.092, +8.219,+0.911
1769102160,+3.48,+10.110, +8.227,+0.911
1769102460,+3.48,+10.110, +8.212,+0.911
1769102760,+3.48,+10.110, +8.144,+0.911
1769103060,+3.48,+10.092, +8.102,+0.911
1769103360,+3.48,+10.092, +8.085,+0.911
1769103660,+3.48,+10.055, +8.135,+0.911
1769103960,+3.48,+10.101, +8.103,+0.911
1769104260,+3.48,+10.110, +8.122,+0.911
1769104560,+3.48,+10.119, +8.170,+0.911
1769104860,+3.48,+10.146, +8.226,+0.911
1769105160,+3.48,+10.137, +8.255,+0.911
1769105460,+3.49,+10.155, +8.256,+0.911
1769105760,+3.49,+10.165, +8.268,+0.911
1769106060,+3.49,+10.201, +8.252,+0.911
1769106360,+3.49,+10.238, +8.238,+0.911
1769106660,+3.49,+10.228, +8.277,+0.911
1769106960,+3.49,+10.265, +8.294,+0.911
1769107260,+3.49,+10.265, +8.288,+0.911
1769107560,+3.49,+10.256, +8.261,+0.911
1769107860,+3.49,+10.301, +8.294,+0.911
1769108160,+3.49,+10.265, +8.284,+0.911
1769108460,+3.49,+10.265, +8.290,+0.911
1769108760,+3.49,+10.274, +8.267,+0.911
1769109060,+3.49,+10.292, +8.320,+0.911
1769109360,+3.49,+10.283, +8.319,+0.910
1769109660,+3.49,+10.310, +8.315,+0.911
1769109960,+3.49,+10.301, +8.327,+0.911
1769110260,+3.49,+10.310, +8.307,+0.911
1769110560,+3.49,+10.319, +8.281,+0.911
1769110860,+3.49,+10.319, +8.311,+0.911
1769111160,+3.49,+10.356, +8.347,+0.911
1769111460,+3.49,+10.347, +8.371,+0.911
1769111760,+3.49,+10.329, +8.351,+0.911
1769112060,+3.49,+10.383, +8.348,+0.911
1769112360,+3.49,+10.392, +8.421,+0.911
1769112660,+3.49,+10.401, +8.431,+0.911
1769112960,+3.49,+10.429, +8.469,+0.911
1769113260,+3.49,+10.456, +8.488,+0.911
1769113560,+3.49,+10.456, +8.497,+0.911
1769113860,+3.49,+10.474, +8.502,+0.911
1769114160,+3.49,+10.465, +8.535,+0.911
1769114460,+3.49,+10.501, +8.537,+0.911
1769114760,+3.49,+10.510, +8.544,+0.911
1769115060,+3.49,+10.538, +8.561,+0.911
1769115360,+3.49,+10.547, +8.577,+0.911
1769115660,+3.49,+10.547, +8.593,+0.911
1769115960,+3.49,+10.574, +8.583,+0.911
1769116260,+3.49,+10.592, +8.590,+0.911
1769116560,+3.49,+10.610, +8.608,+0.911
1769116860,+3.49,+10.637, +8.657,+0.911
1769117160,+3.49,+10.655, +8.671,+0.911
1769117460,+3.49,+10.646, +8.702,+0.911
1769117760,+3.48,+10.673, +8.724,+0.911
1769118060,+3.49,+10.701, +8.749,+0.911
1769118360,+3.48,+10.728, +8.752,+0.911
1769118660,+3.48,+10.755, +8.755,+0.911
1769118960,+3.48,+10.764, +8.764,+0.911
1769119260,+3.48,+10.809, +8.773,+0.910
1769119560,+3.48,+10.836, +8.814,+0.911
1769119860,+3.48,+10.881, +8.829,+0.911
1769120160,+3.48,+10.881, +8.876,+0.911
1769120460,+3.48,+10.935, +8.867,+0.911
1769120760,+3.48,+10.953, +8.898,+0.911
1769121060,+3.48,+10.981, +8.904,+0.910
1769121360,+3.48,+11.008, +8.903,+0.910
1769121660,+3.48,+11.026, +8.921,+0.911
1769121960,+3.48,+11.062, +8.924,+0.911
1769122260,+3.48,+11.062, +8.939,+0.910
1769122560,+3.48,+11.098, +8.957,+0.911
1769122860,+3.48,+11.125, +8.954,+0.910
1769123160,+3.48,+11.152, +8.969,+0.911
1769123460,+3.48,+11.143, +8.980,+0.911
