7450-269688
OS REV: 1.05 Sensor Cal: 1705527875
Time (sec),  BV (Volts),  T (deg C),  DO (mg/l),  Q ()
1766536980,+3.50,+14.191, +3.443,+0.962
1766537280,+3.50,+14.165, +3.415,+0.962
1766537580,+3.50,+14.173, +3.483,+0.962
1766537880,+3.50,+14.165, +3.489,+0.962
1766538180,+3.50,+14.182, +3.437,+0.962
1766538480,+3.50,+14.139, +3.458,+0.962
1766538780,+3.50,+14.130, +3.483,+0.962
1766539080,+3.50,+14.139, +3.366,+0.962
1766539380,+3.50,+14.156, +3.363,+0.962
1766539680,+3.50,+14.121, +3.392,+0.962
1766539980,+3.50,+14.130, +3.368,+0.962
1766540280,+3.50,+14.104, +3.482,+0.962
1766540580,+3.50,+14.121, +3.567,+0.962
1766540880,+3.50,+14.113, +3.538,+0.962
1766541180,+3.50,+14.121, +3.502,+0.962
1766541480,+3.50,+14.095, +3.611,+0.962
1766541780,+3.50,+14.087, +3.532,+0.962
1766542080,+3.50,+14.104, +3.557,+0.962
1766542380,+3.50,+14.087, +3.491,+0.962
1766542680,+3.50,+14.087, +3.516,+0.963
1766542980,+3.50,+14.078, +3.581,+0.962
1766543280,+3.50,+14.087, +3.581,+0.962
1766543580,+3.50,+14.104, +3.689,+0.962
1766543880,+3.50,+14.095, +3.676,+0.962
1766544180,+3.50,+14.043, +3.613,+0.962
1766544480,+3.50,+14.087, +3.629,+0.962
1766544780,+3.50,+14.043, +3.513,+0.963
1766545080,+3.50,+14.061, +3.367,+0.962
1766545380,+3.50,+14.052, +3.702,+0.962
1766545680,+3.50,+14.026, +3.669,+0.962
1766545980,+3.50,+14.043, +3.740,+0.963
1766546280,+3.50,+14.035, +3.710,+0.962
1766546580,+3.50,+14.017, +3.701,+0.962
1766546880,+3.50,+14.017, +3.669,+0.962
1766547180,+3.50,+14.009, +3.631,+0.962
1766547480,+3.50,+14.009, +3.454,+0.960
1766547780,+3.50,+13.991, +3.750,+0.963
1766548080,+3.50,+14.000, +3.804,+0.962
1766548380,+3.50,+13.991, +3.811,+0.962
1766548680,+3.50,+13.965, +3.776,+0.962
1766548980,+3.50,+13.974, +3.694,+0.962
1766549280,+3.50,+13.965, +3.695,+0.962
1766549580,+3.50,+13.948, +3.713,+0.962
1766549880,+3.50,+13.948, +3.721,+0.962
1766550180,+3.50,+13.939, +3.762,+0.962
1766550480,+3.50,+13.930, +3.756,+0.962
1766550780,+3.50,+13.922, +3.752,+0.962
1766551080,+3.50,+13.913, +3.719,+0.962
1766551380,+3.50,+13.922, +3.706,+0.962
1766551680,+3.50,+13.904, +3.663,+0.962
1766551980,+3.50,+13.878, +3.637,+0.962
1766552280,+3.50,+13.887, +3.716,+0.962
1766552580,+3.50,+13.878, +3.731,+0.962
1766552880,+3.50,+13.852, +3.774,+0.962
1766553180,+3.50,+13.870, +3.782,+0.962
1766553480,+3.50,+13.835, +3.881,+0.962
1766553780,+3.50,+13.843, +3.914,+0.963
1766554080,+3.50,+13.817, +4.011,+0.963
1766554380,+3.50,+13.809, +4.037,+0.962
1766554680,+3.50,+13.800, +4.073,+0.962
1766554980,+3.50,+13.782, +4.135,+0.962
1766555280,+3.50,+13.782, +4.160,+0.962
1766555580,+3.50,+13.782, +4.234,+0.962
1766555880,+3.50,+13.782, +4.264,+0.962
1766556180,+3.50,+13.791, +4.414,+0.962
1766556480,+3.50,+13.774, +4.449,+0.962
1766556780,+3.50,+13.765, +4.505,+0.962
1766557080,+3.50,+13.748, +4.562,+0.962
1766557380,+3.50,+13.765, +4.594,+0.962
1766557680,+3.50,+13.756, +4.637,+0.962
1766557980,+3.50,+13.756, +4.694,+0.962
1766558280,+3.50,+13.722, +4.669,+0.962
1766558580,+3.50,+13.730, +4.714,+0.962
1766558880,+3.50,+13.730, +4.805,+0.962
1766559180,+3.50,+13.713, +4.816,+0.962
1766559480,+3.50,+13.713, +4.861,+0.962
1766559780,+3.50,+13.704, +4.838,+0.962
1766560080,+3.50,+13.713, +4.840,+0.962
1766560380,+3.50,+13.704, +4.947,+0.962
1766560680,+3.50,+13.695, +4.970,+0.962
1766560980,+3.50,+13.678, +5.048,+0.962
1766561280,+3.50,+13.687, +5.026,+0.962
1766561580,+3.50,+13.678, +5.076,+0.962
1766561880,+3.50,+13.678, +5.103,+0.962
1766562180,+3.50,+13.652, +5.157,+0.962
1766562480,+3.50,+13.678, +5.199,+0.962
1766562780,+3.50,+13.661, +5.187,+0.962
1766563080,+3.50,+13.661, +5.278,+0.962
1766563380,+3.50,+13.669, +5.292,+0.962
1766563680,+3.50,+13.652, +5.272,+0.962
1766563980,+3.50,+13.652, +5.322,+0.962
1766564280,+3.50,+13.643, +5.325,+0.961
1766564580,+3.50,+13.661, +5.337,+0.962
1766564880,+3.50,+13.652, +5.345,+0.962
1766565180,+3.50,+13.634, +5.392,+0.962
1766565480,+3.50,+13.617, +5.421,+0.962
1766565780,+3.50,+13.643, +5.432,+0.962
1766566080,+3.50,+13.634, +5.452,+0.962
1766566380,+3.50,+13.643, +5.450,+0.962
1766566680,+3.50,+13.626, +5.400,+0.962
1766566980,+3.50,+13.634, +5.370,+0.962
1766567280,+3.50,+13.626, +5.386,+0.962
1766567580,+3.50,+13.626, +5.519,+0.962
1766567880,+3.50,+13.617, +5.600,+0.962
1766568180,+3.50,+13.626, +5.582,+0.962
1766568480,+3.50,+13.617, +5.668,+0.962
1766568780,+3.50,+13.626, +5.657,+0.962
1766569080,+3.50,+13.617, +5.700,+0.962
1766569380,+3.50,+13.608, +5.693,+0.962
1766569680,+3.50,+13.599, +5.749,+0.962
1766569980,+3.50,+13.582, +5.768,+0.962
1766570280,+3.50,+13.591, +5.794,+0.962
1766570580,+3.50,+13.591, +5.855,+0.962
1766570880,+3.50,+13.591, +5.873,+0.962
1766571180,+3.50,+13.582, +5.907,+0.962
1766571480,+3.50,+13.573, +5.965,+0.962
1766571780,+3.50,+13.565, +5.973,+0.962
1766572080,+3.50,+13.573, +6.000,+0.962
1766572380,+3.50,+13.565, +5.962,+0.962
1766572680,+3.50,+13.582, +5.961,+0.962
1766572980,+3.50,+13.556, +5.995,+0.962
1766573280,+3.50,+13.547, +6.013,+0.962
1766573580,+3.50,+13.556, +6.042,+0.961
1766573880,+3.50,+13.556, +6.063,+0.962
1766574180,+3.50,+13.547, +6.103,+0.962
1766574480,+3.50,+13.547, +6.179,+0.962
1766574780,+3.50,+13.538, +6.187,+0.962
1766575080,+3.50,+13.530, +6.250,+0.961
1766575380,+3.50,+13.521, +6.292,+0.962
1766575680,+3.50,+13.547, +6.321,+0.962
1766575980,+3.50,+13.530, +6.348,+0.962
1766576280,+3.50,+13.530, +6.394,+0.962
1766576580,+3.50,+13.521, +6.485,+0.962
1766576880,+3.50,+13.530, +6.501,+0.961
1766577180,+3.50,+13.521, +6.555,+0.962
1766577480,+3.50,+13.521, +6.635,+0.962
1766577780,+3.50,+13.521, +6.707,+0.962
1766578080,+3.50,+13.530, +6.799,+0.962
1766578380,+3.50,+13.530, +6.858,+0.962
1766578680,+3.50,+13.538, +6.814,+0.962
1766578980,+3.50,+13.530, +6.875,+0.962
1766579280,+3.50,+13.530, +6.924,+0.962
1766579580,+3.50,+13.556, +7.063,+0.962
1766579880,+3.50,+13.556, +7.177,+0.962
1766580180,+3.50,+13.547, +7.384,+0.962
1766580480,+3.50,+13.547, +6.314,+0.955
1766580780,+3.50,+13.565, +7.584,+0.962
1766581080,+3.50,+13.538, +7.636,+0.962
1766581380,+3.50,+13.538, +7.648,+0.962
1766581680,+3.50,+13.538, +7.684,+0.961
1766581980,+3.50,+13.538, +7.700,+0.962
1766582280,+3.50,+13.530, +7.741,+0.962
1766582580,+3.50,+13.521, +7.695,+0.962
1766582880,+3.50,+13.521, +7.714,+0.962
1766583180,+3.50,+13.512, +7.727,+0.962
1766583480,+3.50,+13.495, +7.719,+0.961
1766583780,+3.50,+13.503, +7.742,+0.962
1766584080,+3.50,+13.495, +7.706,+0.961
1766584380,+3.50,+13.503, +7.665,+0.962
1766584680,+3.50,+13.495, +7.636,+0.962
1766584980,+3.50,+13.486, +7.656,+0.962
1766585280,+3.50,+13.469, +7.686,+0.962
1766585580,+3.50,+13.460, +7.648,+0.962
1766585880,+3.50,+13.460, +7.612,+0.962
1766586180,+3.50,+13.451, +7.603,+0.962
1766586480,+3.50,+13.425, +7.534,+0.962
1766586780,+3.50,+13.442, +7.548,+0.962
1766587080,+3.50,+13.416, +7.552,+0.961
1766587380,+3.50,+13.399, +7.584,+0.962
1766587680,+3.50,+13.407, +7.545,+0.962
1766587980,+3.50,+13.399, +7.538,+0.962
1766588280,+3.50,+13.381, +7.491,+0.962
1766588580,+3.50,+13.372, +7.473,+0.962
1766588880,+3.50,+13.355, +7.420,+0.961
1766589180,+3.50,+13.337, +7.469,+0.961
1766589480,+3.50,+13.337, +7.448,+0.962
1766589780,+3.50,+13.311, +7.474,+0.962
1766590080,+3.50,+13.311, +7.464,+0.962
1766590380,+3.50,+13.311, +7.421,+0.961
1766590680,+3.50,+13.276, +7.443,+0.962
1766590980,+3.50,+13.267, +7.424,+0.962
1766591280,+3.50,+13.276, +7.398,+0.962
1766591580,+3.50,+13.232, +7.359,+0.962
1766591880,+3.50,+13.250, +7.361,+0.962
1766592180,+3.50,+13.215, +7.318,+0.962
1766592480,+3.50,+13.206, +7.355,+0.961
1766592780,+3.50,+13.206, +7.349,+0.962
1766593080,+3.50,+13.189, +7.358,+0.962
1766593380,+3.50,+13.197, +7.354,+0.962
1766593680,+3.50,+13.189, +7.322,+0.962
1766593980,+3.50,+13.162, +7.298,+0.962
1766594280,+3.50,+13.162, +7.265,+0.962
1766594580,+3.50,+13.162, +7.266,+0.962
1766594880,+3.50,+13.145, +7.302,+0.962
1766595180,+3.50,+13.153, +7.257,+0.962
1766595480,+3.50,+13.136, +7.225,+0.962
1766595780,+3.50,+13.162, +7.178,+0.962
1766596080,+3.50,+13.153, +7.159,+0.962
1766596380,+3.50,+13.162, +7.119,+0.962
1766596680,+3.50,+13.171, +7.080,+0.961
1766596980,+3.50,+13.171, +7.176,+0.962
1766597280,+3.50,+13.153, +7.268,+0.962
1766597580,+3.50,+13.153, +7.317,+0.962
1766597880,+3.50,+13.171, +7.249,+0.962
1766598180,+3.50,+13.171, +7.171,+0.961
1766598480,+3.50,+13.171, +7.093,+0.962
1766598780,+3.50,+13.189, +7.222,+0.962
1766599080,+3.50,+13.171, +7.265,+0.962
1766599380,+3.50,+13.180, +7.227,+0.962
1766599680,+3.50,+13.180, +7.086,+0.962
1766599980,+3.50,+13.180, +7.034,+0.961
1766600280,+3.50,+13.197, +7.077,+0.962
1766600580,+3.50,+13.215, +7.222,+0.962
1766600880,+3.50,+13.232, +7.226,+0.962
1766601180,+3.50,+13.224, +7.263,+0.962
1766601480,+3.50,+13.267, +7.315,+0.962
1766601780,+3.50,+13.302, +7.315,+0.962
1766602080,+3.50,+13.329, +7.323,+0.962
1766602380,+3.50,+13.329, +7.350,+0.962
1766602680,+3.50,+13.346, +7.368,+0.962
1766602980,+3.50,+13.355, +7.340,+0.962
1766603280,+3.50,+13.364, +7.411,+0.962
1766603580,+3.50,+13.381, +7.400,+0.962
1766603880,+3.50,+13.399, +7.422,+0.962
1766604180,+3.50,+13.425, +7.386,+0.962
1766604480,+3.50,+13.399, +7.412,+0.961
1766604780,+3.50,+13.425, +7.389,+0.962
1766605080,+3.50,+13.434, +7.423,+0.962
1766605380,+3.50,+13.442, +7.422,+0.962
1766605680,+3.50,+13.477, +7.432,+0.961
1766605980,+3.50,+13.503, +6.479,+0.959
1766606280,+3.50,+13.556, +7.123,+0.962
1766606580,+3.50,+13.582, +7.459,+0.962
1766606880,+3.50,+13.634, +7.455,+0.962
1766607180,+3.50,+13.643, +7.452,+0.962
1766607480,+3.50,+13.678, +7.515,+0.962
1766607780,+3.50,+13.713, +7.553,+0.962
1766608080,+3.50,+13.739, +7.534,+0.962
1766608380,+3.50,+13.791, +7.550,+0.962
1766608680,+3.50,+13.843, +7.613,+0.961
1766608980,+3.50,+13.930, +7.566,+0.962
1766609280,+3.50,+13.965, +7.603,+0.962
1766609580,+3.50,+14.017, +7.641,+0.962
1766609880,+3.50,+14.043, +7.641,+0.962
1766610180,+3.50,+14.104, +7.653,+0.961
1766610480,+3.50,+14.104, +7.634,+0.962
1766610780,+3.50,+14.130, +7.679,+0.962
1766611080,+3.50,+14.191, +7.681,+0.962
1766611380,+3.50,+14.251, +7.674,+0.961
1766611680,+3.50,+14.303, +7.704,+0.962
1766611980,+3.50,+14.355, +7.691,+0.961
1766612280,+3.50,+14.381, +7.719,+0.962
1766612580,+3.50,+14.442, +7.737,+0.962
1766612880,+3.50,+14.494, +7.781,+0.962
1766613180,+3.50,+14.580, +7.701,+0.962
1766613480,+3.50,+14.658, +7.629,+0.961
1766613780,+3.50,+14.701, +7.791,+0.961
1766614080,+3.50,+14.761, +7.809,+0.961
1766614380,+3.50,+14.805, +7.831,+0.961
1766614680,+3.50,+14.848, +7.770,+0.961
1766614980,+3.50,+14.899, +7.824,+0.961
1766615280,+3.50,+14.925, +7.834,+0.961
1766615580,+3.50,+14.960, +7.858,+0.962
1766615880,+3.50,+15.003, +7.836,+0.962
1766616180,+3.50,+15.054, +7.843,+0.961
1766616480,+3.50,+15.097, +7.821,+0.961
1766616780,+3.50,+15.140, +7.799,+0.961
1766617080,+3.50,+15.157, +7.848,+0.962
1766617380,+3.50,+15.183, +7.827,+0.961
1766617680,+3.50,+15.217, +7.796,+0.961
1766617980,+3.50,+15.217, +7.798,+0.961
1766618280,+3.50,+15.278, +7.793,+0.961
1766618580,+3.50,+15.295, +7.804,+0.962
1766618880,+3.50,+15.320, +7.779,+0.961
1766619180,+3.50,+15.312, +7.784,+0.961
1766619480,+3.50,+15.329, +7.747,+0.961
1766619780,+3.50,+15.346, +7.757,+0.961
1766620080,+3.50,+15.346, +7.757,+0.961
1766620380,+3.50,+15.372, +7.777,+0.961
1766620680,+3.50,+15.380, +7.770,+0.961
1766620980,+3.50,+15.372, +7.795,+0.961
1766621280,+3.50,+15.380, +7.756,+0.961
1766621580,+3.50,+15.372, +7.731,+0.961
1766621880,+3.50,+15.380, +7.703,+0.961
1766622180,+3.50,+15.380, +7.644,+0.961
1766622480,+3.50,+15.346, +7.606,+0.961
1766622780,+3.50,+15.355, +7.569,+0.961
1766623080,+3.50,+15.338, +7.566,+0.960
1766623380,+3.50,+15.338, +7.545,+0.961
