7450-269688
OS REV: 1.05 Sensor Cal: 1705527875
Time (sec),  BV (Volts),  T (deg C),  DO (mg/l),  Q ()
1764889680,+3.48, +9.555, +5.687,+0.963
1764889980,+3.48, +9.564, +5.744,+0.963
1764890280,+3.48, +9.601, +5.681,+0.963
1764890580,+3.48, +9.619, +5.738,+0.963
1764890880,+3.48, +9.610, +5.720,+0.963
1764891180,+3.48, +9.647, +5.729,+0.963
1764891480,+3.48, +9.647, +5.688,+0.963
1764891780,+3.48, +9.656, +5.756,+0.963
1764892080,+3.48, +9.675, +5.626,+0.963
1764892380,+3.48, +9.665, +5.558,+0.963
1764892680,+3.48, +9.684, +5.558,+0.963
1764892980,+3.48, +9.711, +5.683,+0.963
1764893280,+3.48, +9.711, +5.698,+0.963
1764893580,+3.48, +9.702, +5.638,+0.963
1764893880,+3.48, +9.693, +5.651,+0.963
1764894180,+3.48, +9.693, +5.612,+0.963
1764894480,+3.48, +9.665, +5.673,+0.963
1764894780,+3.48, +9.665, +5.716,+0.963
1764895080,+3.48, +9.656, +5.699,+0.963
1764895380,+3.48, +9.629, +5.716,+0.963
1764895680,+3.48, +9.629, +5.700,+0.963
1764895980,+3.48, +9.601, +5.678,+0.963
1764896280,+3.48, +9.610, +5.696,+0.963
1764896580,+3.48, +9.573, +5.673,+0.963
1764896880,+3.48, +9.555, +5.584,+0.963
1764897180,+3.48, +9.555, +5.548,+0.963
1764897480,+3.48, +9.527, +5.542,+0.963
1764897780,+3.48, +9.555, +5.565,+0.963
1764898080,+3.48, +9.491, +5.476,+0.963
1764898380,+3.48, +9.509, +5.434,+0.963
1764898680,+3.48, +9.463, +5.274,+0.963
1764898980,+3.48, +9.481, +5.250,+0.963
1764899280,+3.48, +9.454, +5.398,+0.963
1764899580,+3.48, +9.481, +5.134,+0.963
1764899880,+3.48, +9.435, +5.018,+0.963
1764900180,+3.48, +9.408, +5.074,+0.963
1764900480,+3.48, +9.389, +5.097,+0.963
1764900780,+3.48, +9.371, +4.899,+0.963
1764901080,+3.48, +9.343, +5.003,+0.963
1764901380,+3.48, +9.352, +5.036,+0.963
1764901680,+3.48, +9.343, +4.770,+0.963
1764901980,+3.48, +9.324, +4.745,+0.963
1764902280,+3.48, +9.287, +4.947,+0.963
1764902580,+3.48, +9.278, +4.935,+0.963
1764902880,+3.48, +9.250, +4.998,+0.963
1764903180,+3.49, +9.223, +5.142,+0.963
1764903480,+3.48, +9.186, +5.047,+0.963
1764903780,+3.49, +9.186, +5.161,+0.963
1764904080,+3.49, +9.176, +5.142,+0.963
1764904380,+3.49, +9.130, +5.093,+0.963
1764904680,+3.49, +9.111, +5.213,+0.963
1764904980,+3.49, +9.093, +5.247,+0.963
1764905280,+3.49, +9.065, +5.119,+0.963
1764905580,+3.49, +9.065, +5.144,+0.963
1764905880,+3.49, +9.009, +5.111,+0.964
1764906180,+3.49, +9.000, +5.177,+0.963
1764906480,+3.48, +8.981, +5.170,+0.964
1764906780,+3.48, +8.935, +5.081,+0.963
1764907080,+3.48, +8.935, +5.034,+0.963
1764907380,+3.48, +8.916, +5.025,+0.963
1764907680,+3.48, +8.879, +5.075,+0.963
1764907980,+3.48, +8.888, +4.992,+0.963
1764908280,+3.48, +8.860, +4.929,+0.963
1764908580,+3.48, +8.879, +4.811,+0.963
1764908880,+3.48, +8.842, +4.830,+0.964
1764909180,+3.48, +8.851, +4.872,+0.963
1764909480,+3.48, +8.833, +4.603,+0.964
1764909780,+3.48, +8.805, +4.642,+0.963
1764910080,+3.48, +8.767, +4.732,+0.964
1764910380,+3.48, +8.739, +4.774,+0.964
1764910680,+3.48, +8.749, +4.820,+0.963
1764910980,+3.48, +8.693, +4.824,+0.964
1764911280,+3.48, +8.637, +4.607,+0.963
1764911580,+3.48, +8.627, +4.712,+0.963
1764911880,+3.48, +8.580, +4.816,+0.964
1764912180,+3.48, +8.552, +4.869,+0.964
1764912480,+3.48, +8.534, +4.873,+0.964
1764912780,+3.48, +8.477, +4.944,+0.963
1764913080,+3.48, +8.487, +4.934,+0.964
1764913380,+3.48, +8.496, +4.885,+0.963
1764913680,+3.48, +8.440, +4.875,+0.964
1764913980,+3.48, +8.440, +4.811,+0.964
1764914280,+3.48, +8.393, +4.925,+0.964
1764914580,+3.48, +8.374, +4.876,+0.963
1764914880,+3.48, +8.374, +4.852,+0.963
1764915180,+3.48, +8.337, +4.860,+0.964
1764915480,+3.48, +8.299, +4.596,+0.964
1764915780,+3.48, +8.318, +4.844,+0.964
1764916080,+3.48, +8.308, +4.824,+0.964
1764916380,+3.48, +8.271, +4.805,+0.963
1764916680,+3.48, +8.271, +4.806,+0.964
1764916980,+3.48, +8.243, +4.813,+0.964
1764917280,+3.48, +8.243, +4.789,+0.964
1764917580,+3.48, +8.214, +4.770,+0.964
1764917880,+3.48, +8.205, +4.778,+0.964
1764918180,+3.49, +8.167, +4.705,+0.964
1764918480,+3.48, +8.148, +4.725,+0.963
1764918780,+3.49, +8.101, +4.761,+0.964
1764919080,+3.48, +8.101, +4.810,+0.964
1764919380,+3.49, +8.082, +4.787,+0.963
1764919680,+3.49, +8.064, +4.761,+0.964
1764919980,+3.49, +8.054, +4.820,+0.963
1764920280,+3.49, +8.035, +4.801,+0.963
1764920580,+3.49, +7.998, +4.806,+0.963
1764920880,+3.49, +7.998, +4.822,+0.964
1764921180,+3.49, +7.979, +4.731,+0.964
1764921480,+3.49, +7.969, +4.747,+0.963
1764921780,+3.49, +7.979, +4.753,+0.964
1764922080,+3.49, +7.960, +4.732,+0.964
1764922380,+3.49, +7.931, +4.624,+0.964
1764922680,+3.49, +7.922, +4.644,+0.964
1764922980,+3.49, +7.912, +4.652,+0.964
1764923280,+3.49, +7.922, +4.633,+0.964
1764923580,+3.49, +7.903, +4.609,+0.964
1764923880,+3.49, +7.893, +4.613,+0.964
1764924180,+3.49, +7.893, +4.597,+0.964
1764924480,+3.49, +7.893, +4.590,+0.964
1764924780,+3.49, +7.856, +4.557,+0.964
1764925080,+3.49, +7.875, +4.505,+0.964
1764925380,+3.49, +7.856, +4.498,+0.964
1764925680,+3.49, +7.827, +4.531,+0.964
1764925980,+3.49, +7.846, +4.551,+0.964
1764926280,+3.49, +7.818, +4.567,+0.964
1764926580,+3.49, +7.789, +4.524,+0.964
1764926880,+3.48, +7.780, +4.520,+0.964
1764927180,+3.48, +7.770, +4.489,+0.964
1764927480,+3.48, +7.780, +4.426,+0.964
1764927780,+3.48, +7.761, +4.454,+0.964
1764928080,+3.48, +7.751, +4.498,+0.964
1764928380,+3.48, +7.742, +4.492,+0.964
1764928680,+3.48, +7.751, +4.437,+0.964
1764928980,+3.48, +7.732, +4.437,+0.964
1764929280,+3.48, +7.694, +4.442,+0.964
1764929580,+3.48, +7.704, +4.448,+0.964
1764929880,+3.48, +7.694, +4.372,+0.964
1764930180,+3.48, +7.713, +4.401,+0.964
1764930480,+3.48, +7.694, +4.409,+0.964
1764930780,+3.48, +7.675, +4.401,+0.963
1764931080,+3.48, +7.685, +4.341,+0.964
1764931380,+3.48, +7.656, +4.324,+0.964
1764931680,+3.48, +7.637, +4.342,+0.964
1764931980,+3.48, +7.656, +4.244,+0.964
1764932280,+3.48, +7.647, +4.255,+0.964
1764932580,+3.48, +7.647, +4.259,+0.964
1764932880,+3.48, +7.628, +4.328,+0.964
1764933180,+3.48, +7.628, +4.327,+0.964
1764933480,+3.48, +7.609, +4.337,+0.964
1764933780,+3.48, +7.599, +4.325,+0.964
1764934080,+3.48, +7.580, +4.332,+0.964
1764934380,+3.48, +7.580, +4.317,+0.964
1764934680,+3.48, +7.580, +4.296,+0.964
1764934980,+3.48, +7.561, +4.318,+0.964
1764935280,+3.48, +7.580, +4.311,+0.964
1764935580,+3.48, +7.580, +4.234,+0.963
1764935880,+3.48, +7.590, +4.190,+0.964
1764936180,+3.48, +7.571, +4.092,+0.964
1764936480,+3.48, +7.533, +4.137,+0.964
1764936780,+3.48, +7.523, +4.192,+0.964
1764937080,+3.48, +7.533, +4.194,+0.964
1764937380,+3.48, +7.523, +4.185,+0.964
1764937680,+3.48, +7.523, +4.153,+0.964
1764937980,+3.48, +7.523, +4.175,+0.963
1764938280,+3.48, +7.523, +4.181,+0.964
1764938580,+3.48, +7.533, +4.181,+0.964
1764938880,+3.48, +7.523, +4.172,+0.964
1764939180,+3.48, +7.523, +4.142,+0.964
1764939480,+3.48, +7.504, +4.136,+0.964
1764939780,+3.48, +7.514, +4.076,+0.964
1764940080,+3.48, +7.495, +4.037,+0.964
1764940380,+3.48, +7.466, +4.040,+0.964
1764940680,+3.48, +7.475, +4.072,+0.964
1764940980,+3.48, +7.466, +4.111,+0.964
1764941280,+3.48, +7.475, +4.116,+0.964
1764941580,+3.48, +7.485, +4.109,+0.964
1764941880,+3.48, +7.495, +4.126,+0.964
1764942180,+3.48, +7.475, +4.135,+0.964
1764942480,+3.48, +7.475, +4.117,+0.964
1764942780,+3.48, +7.466, +4.094,+0.964
1764943080,+3.48, +7.466, +4.092,+0.964
1764943380,+3.48, +7.456, +4.091,+0.964
1764943680,+3.48, +7.456, +4.061,+0.964
1764943980,+3.48, +7.456, +4.056,+0.964
1764944280,+3.48, +7.456, +4.028,+0.964
1764944580,+3.48, +7.456, +4.033,+0.964
1764944880,+3.48, +7.447, +4.027,+0.964
1764945180,+3.48, +7.466, +3.932,+0.964
1764945480,+3.48, +7.466, +3.895,+0.964
1764945780,+3.48, +7.456, +3.790,+0.964
1764946080,+3.48, +7.437, +3.816,+0.964
1764946380,+3.48, +7.418, +3.938,+0.964
1764946680,+3.48, +7.437, +3.974,+0.964
1764946980,+3.48, +7.399, +3.994,+0.964
1764947280,+3.48, +7.399, +4.044,+0.964
1764947580,+3.48, +7.370, +4.058,+0.964
1764947880,+3.48, +7.399, +4.031,+0.964
1764948180,+3.48, +7.380, +3.978,+0.964
1764948480,+3.48, +7.409, +3.899,+0.964
1764948780,+3.48, +7.409, +3.833,+0.964
1764949080,+3.48, +7.409, +3.852,+0.964
1764949380,+3.48, +7.409, +3.882,+0.964
1764949680,+3.48, +7.418, +3.869,+0.964
1764949980,+3.48, +7.418, +3.844,+0.964
1764950280,+3.48, +7.418, +3.831,+0.964
1764950580,+3.48, +7.428, +3.636,+0.964
1764950880,+3.48, +7.399, +3.877,+0.964
1764951180,+3.48, +7.418, +3.921,+0.964
1764951480,+3.48, +7.390, +3.998,+0.964
1764951780,+3.48, +7.390, +4.032,+0.964
1764952080,+3.48, +7.409, +4.031,+0.964
1764952380,+3.48, +7.409, +4.055,+0.964
1764952680,+3.48, +7.428, +3.978,+0.964
1764952980,+3.48, +7.409, +4.031,+0.964
1764953280,+3.48, +7.399, +4.057,+0.963
1764953580,+3.48, +7.409, +4.038,+0.964
1764953880,+3.48, +7.409, +4.086,+0.964
1764954180,+3.48, +7.409, +4.081,+0.964
1764954480,+3.48, +7.418, +4.081,+0.964
1764954780,+3.48, +7.428, +4.083,+0.964
1764955080,+3.48, +7.437, +4.073,+0.964
1764955380,+3.48, +7.456, +4.095,+0.964
1764955680,+3.48, +7.428, +4.097,+0.964
1764955980,+3.48, +7.447, +3.797,+0.962
1764956280,+3.48, +7.456, +3.886,+0.964
1764956580,+3.48, +7.495, +3.996,+0.964
1764956880,+3.48, +7.495, +3.973,+0.964
1764957180,+3.48, +7.514, +3.931,+0.964
1764957480,+3.48, +7.533, +4.080,+0.964
1764957780,+3.48, +7.542, +4.158,+0.964
1764958080,+3.48, +7.561, +4.156,+0.964
1764958380,+3.48, +7.580, +4.201,+0.964
1764958680,+3.48, +7.609, +4.232,+0.964
1764958980,+3.48, +7.618, +4.238,+0.964
1764959280,+3.48, +7.609, +4.236,+0.964
1764959580,+3.48, +7.628, +4.232,+0.964
1764959880,+3.48, +7.637, +4.237,+0.963
1764960180,+3.48, +7.637, +4.243,+0.964
1764960480,+3.48, +7.666, +4.255,+0.964
1764960780,+3.48, +7.656, +4.280,+0.963
1764961080,+3.48, +7.685, +4.290,+0.964
1764961380,+3.48, +7.704, +4.303,+0.964
1764961680,+3.48, +7.732, +4.316,+0.964
1764961980,+3.48, +7.732, +4.337,+0.964
1764962280,+3.48, +7.761, +4.360,+0.964
1764962580,+3.48, +7.751, +4.366,+0.964
1764962880,+3.48, +7.770, +4.345,+0.964
1764963180,+3.48, +7.799, +4.336,+0.964
1764963480,+3.48, +7.827, +4.356,+0.964
1764963780,+3.48, +7.827, +4.341,+0.964
1764964080,+3.48, +7.827, +4.377,+0.964
1764964380,+3.48, +7.865, +4.426,+0.964
1764964680,+3.48, +7.884, +4.439,+0.964
1764964980,+3.48, +7.893, +4.458,+0.964
1764965280,+3.48, +7.941, +4.418,+0.963
1764965580,+3.48, +7.960, +4.432,+0.963
1764965880,+3.48, +7.969, +4.425,+0.964
1764966180,+3.48, +7.988, +4.468,+0.964
1764966480,+3.48, +8.016, +4.435,+0.964
1764966780,+3.48, +8.016, +4.430,+0.964
1764967080,+3.48, +8.026, +4.466,+0.964
1764967380,+3.48, +8.064, +4.452,+0.964
1764967680,+3.48, +8.073, +4.456,+0.963
1764967980,+3.48, +8.073, +4.508,+0.964
1764968280,+3.48, +8.073, +4.534,+0.964
1764968580,+3.48, +8.111, +4.552,+0.964
1764968880,+3.48, +8.139, +4.554,+0.964
1764969180,+3.48, +8.158, +4.555,+0.964
1764969480,+3.48, +8.186, +4.572,+0.964
1764969780,+3.48, +8.167, +4.532,+0.963
1764970080,+3.48, +8.205, +4.518,+0.963
1764970380,+3.48, +8.214, +4.521,+0.964
1764970680,+3.48, +8.233, +4.561,+0.964
1764970980,+3.48, +8.224, +4.472,+0.964
1764971280,+3.48, +8.233, +4.512,+0.964
1764971580,+3.48, +8.261, +4.287,+0.962
1764971880,+3.48, +8.280, +4.373,+0.963
1764972180,+3.48, +8.308, +4.446,+0.963
1764972480,+3.48, +8.318, +4.547,+0.964
1764972780,+3.48, +8.327, +4.599,+0.964
1764973080,+3.48, +8.355, +4.595,+0.964
1764973380,+3.48, +8.365, +4.614,+0.963
1764973680,+3.48, +8.365, +4.605,+0.964
1764973980,+3.48, +8.365, +4.650,+0.963
1764974280,+3.48, +8.402, +4.670,+0.963
1764974580,+3.48, +8.412, +4.690,+0.964
1764974880,+3.48, +8.402, +4.667,+0.964
1764975180,+3.48, +8.421, +4.658,+0.964
1764975480,+3.48, +8.431, +4.682,+0.964
1764975780,+3.48, +8.412, +4.676,+0.963
1764976080,+3.48, +8.440, +4.682,+0.963
