7450-213022
OS REV: 1.05 Sensor Cal: 1705524222
Time (sec),  BV (Volts),  T (deg C),  DO (mg/l),  Q ()
1766261940,+3.48,+14.424, +9.586,+0.906
1766262240,+3.48,+14.398, +9.573,+0.905
1766262540,+3.48,+14.338, +9.583,+0.905
1766262840,+3.48,+14.320, +9.591,+0.905
1766263140,+3.48,+14.364, +9.579,+0.906
1766263440,+3.48,+14.381, +9.566,+0.905
1766263740,+3.48,+14.407, +9.562,+0.905
1766264040,+3.48,+14.450, +9.558,+0.905
1766264340,+3.48,+14.528, +9.539,+0.905
1766264640,+3.48,+14.580, +9.525,+0.905
1766264940,+3.48,+14.588, +9.531,+0.906
1766265240,+3.48,+14.563, +9.541,+0.905
1766265540,+3.48,+14.528, +9.555,+0.906
1766265840,+3.48,+14.519, +9.551,+0.905
1766266140,+3.48,+14.485, +9.556,+0.905
1766266440,+3.48,+14.493, +9.548,+0.905
1766266740,+3.48,+14.528, +9.544,+0.905
1766267040,+3.48,+14.528, +9.556,+0.906
1766267340,+3.48,+14.493, +9.563,+0.906
1766267640,+3.48,+14.476, +9.538,+0.905
1766267940,+3.48,+14.450, +9.548,+0.905
1766268240,+3.48,+14.459, +9.538,+0.906
1766268540,+3.48,+14.450, +9.539,+0.905
1766268840,+3.48,+14.459, +9.533,+0.906
1766269140,+3.48,+14.476, +9.531,+0.905
1766269440,+3.48,+14.476, +9.549,+0.906
1766269740,+3.48,+14.528, +9.531,+0.906
1766270040,+3.48,+14.597, +9.500,+0.905
1766270340,+3.48,+14.614, +9.503,+0.905
1766270640,+3.48,+14.580, +9.538,+0.906
1766270940,+3.48,+14.502, +9.542,+0.906
1766271240,+3.48,+14.502, +9.528,+0.905
1766271540,+3.48,+14.398, +9.560,+0.905
1766271840,+3.48,+14.346, +9.560,+0.905
1766272140,+3.48,+14.286, +9.568,+0.905
1766272440,+3.48,+14.294, +9.575,+0.906
1766272740,+3.48,+14.277, +9.576,+0.905
1766273040,+3.48,+14.234, +9.594,+0.906
1766273340,+3.48,+14.234, +9.592,+0.906
1766273640,+3.48,+14.208, +9.594,+0.905
1766273940,+3.48,+14.208, +9.591,+0.905
1766274240,+3.48,+14.199, +9.591,+0.906
1766274540,+3.48,+14.173, +9.594,+0.905
1766274840,+3.49,+14.129, +9.608,+0.905
1766275140,+3.49,+14.069, +9.628,+0.906
1766275440,+3.49,+14.069, +9.600,+0.905
1766275740,+3.49,+13.982, +9.630,+0.905
1766276040,+3.49,+13.956, +9.632,+0.905
1766276340,+3.49,+13.877, +9.647,+0.905
1766276640,+3.49,+13.834, +9.675,+0.906
1766276940,+3.49,+13.782, +9.676,+0.906
1766277240,+3.49,+13.756, +9.677,+0.906
1766277540,+3.49,+13.712, +9.684,+0.906
1766277840,+3.49,+13.686, +9.690,+0.906
1766278140,+3.49,+13.642, +9.688,+0.906
1766278440,+3.49,+13.607, +9.707,+0.906
1766278740,+3.48,+13.537, +9.723,+0.906
1766279040,+3.48,+13.529, +9.718,+0.906
1766279340,+3.48,+13.485, +9.737,+0.906
1766279640,+3.48,+13.459, +9.730,+0.906
1766279940,+3.48,+13.459, +9.737,+0.906
1766280240,+3.48,+13.424, +9.739,+0.906
1766280540,+3.48,+13.415, +9.746,+0.906
1766280840,+3.48,+13.398, +9.739,+0.906
1766281140,+3.48,+13.380, +9.741,+0.906
1766281440,+3.48,+13.371, +9.756,+0.906
1766281740,+3.48,+13.363, +9.749,+0.906
1766282040,+3.48,+13.354, +9.759,+0.907
1766282340,+3.48,+13.354, +9.749,+0.906
1766282640,+3.48,+13.319, +9.762,+0.906
1766282940,+3.48,+13.354, +9.752,+0.906
1766283240,+3.48,+13.328, +9.754,+0.906
1766283540,+3.48,+13.336, +9.766,+0.906
1766283840,+3.48,+13.345, +9.747,+0.906
1766284140,+3.48,+13.354, +9.756,+0.906
1766284440,+3.48,+13.345, +9.762,+0.906
1766284740,+3.48,+13.371, +9.757,+0.906
1766285040,+3.48,+13.380, +9.744,+0.906
1766285340,+3.48,+13.380, +9.750,+0.906
1766285640,+3.48,+13.371, +9.759,+0.906
1766285940,+3.48,+13.389, +9.753,+0.906
1766286240,+3.48,+13.380, +9.756,+0.906
1766286540,+3.48,+13.380, +9.751,+0.906
1766286840,+3.48,+13.389, +9.761,+0.906
1766287140,+3.48,+13.389, +9.741,+0.906
1766287440,+3.48,+13.398, +9.757,+0.906
1766287740,+3.48,+13.389, +9.761,+0.907
1766288040,+3.48,+13.441, +9.746,+0.907
1766288340,+3.48,+13.433, +9.749,+0.906
1766288640,+3.48,+13.433, +9.736,+0.906
1766288940,+3.48,+13.424, +9.741,+0.906
1766289240,+3.48,+13.459, +9.735,+0.906
1766289540,+3.48,+13.468, +9.737,+0.906
1766289840,+3.48,+13.450, +9.736,+0.906
1766290140,+3.48,+13.450, +9.736,+0.907
1766290440,+3.48,+13.450, +9.715,+0.906
1766290740,+3.48,+13.389, +9.725,+0.906
1766291040,+3.48,+13.336, +9.747,+0.906
1766291340,+3.48,+13.275, +9.760,+0.906
1766291640,+3.48,+13.240, +9.753,+0.906
1766291940,+3.48,+13.196, +9.769,+0.907
1766292240,+3.48,+13.144, +9.780,+0.906
1766292540,+3.48,+13.100, +9.791,+0.907
1766292840,+3.48,+13.082, +9.790,+0.907
1766293140,+3.48,+13.073, +9.787,+0.906
1766293440,+3.48,+13.056, +9.797,+0.907
1766293740,+3.48,+13.056, +9.788,+0.906
1766294040,+3.48,+13.029, +9.796,+0.906
1766294340,+3.48,+13.038, +9.796,+0.907
1766294640,+3.48,+13.029, +9.798,+0.907
1766294940,+3.48,+13.021, +9.793,+0.906
1766295240,+3.48,+13.029, +9.800,+0.907
1766295540,+3.48,+13.047, +9.783,+0.906
1766295840,+3.48,+13.038, +9.795,+0.907
1766296140,+3.48,+13.047, +9.801,+0.907
1766296440,+3.48,+13.038, +9.783,+0.906
1766296740,+3.48,+13.047, +9.806,+0.907
1766297040,+3.48,+13.038, +9.783,+0.906
1766297340,+3.48,+13.056, +9.795,+0.907
1766297640,+3.48,+13.038, +9.800,+0.907
1766297940,+3.48,+13.056, +9.788,+0.907
1766298240,+3.48,+13.065, +9.779,+0.907
1766298540,+3.48,+13.038, +9.778,+0.906
1766298840,+3.48,+13.038, +9.793,+0.907
1766299140,+3.48,+13.047, +9.776,+0.906
1766299440,+3.48,+13.047, +9.788,+0.907
1766299740,+3.48,+13.012, +9.797,+0.907
1766300040,+3.48,+13.021, +9.789,+0.907
1766300340,+3.48,+13.029, +9.781,+0.906
1766300640,+3.48,+13.038, +9.774,+0.906
1766300940,+3.48,+13.038, +9.775,+0.906
1766301240,+3.48,+13.038, +9.790,+0.907
1766301540,+3.48,+13.029, +9.788,+0.907
1766301840,+3.48,+13.047, +9.785,+0.906
1766302140,+3.48,+13.029, +9.793,+0.907
1766302440,+3.48,+13.047, +9.773,+0.906
1766302740,+3.48,+13.073, +9.783,+0.907
1766303040,+3.48,+13.082, +9.767,+0.906
1766303340,+3.48,+13.082, +9.771,+0.907
1766303640,+3.48,+13.100, +9.770,+0.906
1766303940,+3.48,+13.135, +9.762,+0.907
1766304240,+3.48,+13.108, +9.764,+0.906
1766304540,+3.48,+13.152, +9.746,+0.906
1766304840,+3.48,+13.144, +9.764,+0.906
1766305140,+3.48,+13.187, +9.767,+0.907
1766305440,+3.48,+13.214, +9.747,+0.906
1766305740,+3.48,+13.258, +9.739,+0.906
1766306040,+3.48,+13.284, +9.744,+0.907
1766306340,+3.48,+13.328, +9.716,+0.906
1766306640,+3.48,+13.371, +9.725,+0.907
1766306940,+3.48,+13.363, +9.714,+0.906
1766307240,+3.48,+13.389, +9.731,+0.907
1766307540,+3.48,+13.441, +9.708,+0.907
1766307840,+3.48,+13.494, +9.695,+0.906
1766308140,+3.48,+13.529, +9.683,+0.906
1766308440,+3.48,+13.564, +9.677,+0.906
1766308740,+3.48,+13.581, +9.666,+0.906
1766309040,+3.48,+13.599, +9.672,+0.906
1766309340,+3.48,+13.642, +9.656,+0.906
1766309640,+3.48,+13.668, +9.648,+0.906
1766309940,+3.48,+13.677, +9.662,+0.906
1766310240,+3.49,+13.668, +9.652,+0.906
1766310540,+3.48,+13.677, +9.657,+0.906
1766310840,+3.48,+13.660, +9.653,+0.906
1766311140,+3.48,+13.660, +9.660,+0.907
1766311440,+3.48,+13.642, +9.658,+0.906
1766311740,+3.48,+13.651, +9.646,+0.906
1766312040,+3.48,+13.607, +9.660,+0.906
1766312340,+3.48,+13.607, +9.654,+0.906
1766312640,+3.48,+13.607, +9.656,+0.906
1766312940,+3.48,+13.555, +9.691,+0.907
1766313240,+3.48,+13.572, +9.669,+0.906
1766313540,+3.48,+13.564, +9.677,+0.906
1766313840,+3.48,+13.546, +9.683,+0.906
1766314140,+3.48,+13.520, +9.678,+0.906
1766314440,+3.48,+13.511, +9.689,+0.907
1766314740,+3.48,+13.520, +9.686,+0.907
1766315040,+3.48,+13.494, +9.678,+0.906
1766315340,+3.48,+13.520, +9.679,+0.906
1766315640,+3.48,+13.520, +9.693,+0.907
1766315940,+3.48,+13.529, +9.673,+0.906
1766316240,+3.48,+13.529, +9.690,+0.907
1766316540,+3.48,+13.537, +9.673,+0.906
1766316840,+3.48,+13.537, +9.658,+0.906
1766317140,+3.48,+13.555, +9.666,+0.906
1766317440,+3.48,+13.599, +9.648,+0.906
1766317740,+3.48,+13.642, +9.645,+0.906
1766318040,+3.49,+13.651, +9.637,+0.906
1766318340,+3.48,+13.686, +9.630,+0.906
1766318640,+3.48,+13.712, +9.630,+0.906
1766318940,+3.48,+13.764, +9.616,+0.906
1766319240,+3.48,+13.747, +9.625,+0.906
1766319540,+3.48,+13.799, +9.601,+0.906
1766319840,+3.48,+13.808, +9.604,+0.906
1766320140,+3.48,+13.843, +9.605,+0.906
1766320440,+3.48,+13.877, +9.583,+0.905
1766320740,+3.48,+13.912, +9.585,+0.906
1766321040,+3.48,+13.947, +9.576,+0.906
1766321340,+3.48,+13.938, +9.588,+0.906
1766321640,+3.48,+13.956, +9.583,+0.905
1766321940,+3.48,+13.956, +9.587,+0.906
1766322240,+3.48,+13.938, +9.593,+0.906
1766322540,+3.48,+13.956, +9.594,+0.906
1766322840,+3.48,+13.964, +9.583,+0.906
1766323140,+3.48,+13.982, +9.565,+0.905
1766323440,+3.48,+13.956, +9.581,+0.906
1766323740,+3.48,+13.956, +9.576,+0.905
1766324040,+3.48,+13.921, +9.588,+0.905
1766324340,+3.48,+13.904, +9.601,+0.906
1766324640,+3.48,+13.869, +9.598,+0.905
1766324940,+3.48,+13.843, +9.614,+0.906
1766325240,+3.48,+13.834, +9.617,+0.906
1766325540,+3.48,+13.790, +9.619,+0.905
1766325840,+3.48,+13.782, +9.639,+0.906
1766326140,+3.48,+13.764, +9.621,+0.905
1766326440,+3.48,+13.782, +9.625,+0.906
1766326740,+3.48,+13.782, +9.633,+0.906
1766327040,+3.48,+13.773, +9.636,+0.906
1766327340,+3.48,+13.738, +9.645,+0.906
1766327640,+3.48,+13.721, +9.652,+0.906
1766327940,+3.48,+13.712, +9.644,+0.905
1766328240,+3.48,+13.729, +9.641,+0.906
1766328540,+3.48,+13.703, +9.644,+0.905
1766328840,+3.48,+13.686, +9.653,+0.906
1766329140,+3.48,+13.677, +9.652,+0.906
1766329440,+3.48,+13.651, +9.668,+0.906
1766329740,+3.48,+13.625, +9.675,+0.906
1766330040,+3.48,+13.633, +9.668,+0.906
1766330340,+3.48,+13.599, +9.680,+0.906
1766330640,+3.48,+13.564, +9.689,+0.906
1766330940,+3.48,+13.511, +9.704,+0.906
1766331240,+3.48,+13.494, +9.690,+0.906
1766331540,+3.48,+13.520, +9.674,+0.906
1766331840,+3.48,+13.511, +9.682,+0.906
1766332140,+3.48,+13.546, +9.676,+0.906
1766332440,+3.48,+13.537, +9.668,+0.906
1766332740,+3.48,+13.529, +9.675,+0.906
1766333040,+3.48,+13.520, +9.691,+0.906
1766333340,+3.48,+13.511, +9.686,+0.906
1766333640,+3.48,+13.511, +9.692,+0.906
1766333940,+3.48,+13.520, +9.689,+0.906
1766334240,+3.48,+13.555, +9.685,+0.906
1766334540,+3.48,+13.581, +9.680,+0.906
1766334840,+3.48,+13.572, +9.682,+0.906
1766335140,+3.48,+13.599, +9.665,+0.906
1766335440,+3.48,+13.599, +9.667,+0.905
1766335740,+3.48,+13.633, +9.659,+0.906
1766336040,+3.48,+13.695, +9.639,+0.905
1766336340,+3.48,+13.738, +9.659,+0.907
1766336640,+3.48,+13.817, +9.609,+0.905
1766336940,+3.48,+13.912, +9.608,+0.906
1766337240,+3.48,+13.999, +9.577,+0.905
1766337540,+3.48,+14.095, +9.563,+0.906
1766337840,+3.48,+14.208, +9.554,+0.906
1766338140,+3.48,+14.338, +9.531,+0.906
1766338440,+3.48,+14.511, +9.484,+0.905
1766338740,+3.48,+14.640, +9.472,+0.906
1766339040,+3.48,+14.718, +9.453,+0.905
1766339340,+3.48,+14.761, +9.444,+0.905
1766339640,+3.48,+14.839, +9.413,+0.904
1766339940,+3.48,+14.873, +9.423,+0.905
1766340240,+3.48,+14.882, +9.426,+0.905
1766340540,+3.48,+14.942, +9.407,+0.905
1766340840,+3.48,+15.080, +9.379,+0.905
1766341140,+3.48,+15.140, +9.379,+0.905
1766341440,+3.48,+15.183, +9.362,+0.905
1766341740,+3.48,+15.209, +9.365,+0.905
1766342040,+3.48,+15.303, +9.342,+0.905
1766342340,+3.48,+15.423, +9.329,+0.905
1766342640,+3.48,+15.535, +9.308,+0.905
1766342940,+3.48,+15.646, +9.272,+0.904
1766343240,+3.48,+15.680, +9.283,+0.904
1766343540,+3.48,+15.715, +9.261,+0.904
1766343840,+3.48,+15.715, +9.276,+0.904
1766344140,+3.48,+15.732, +9.258,+0.904
1766344440,+3.48,+15.749, +9.258,+0.904
1766344740,+3.48,+15.749, +9.257,+0.904
1766345040,+3.48,+15.706, +9.269,+0.904
1766345340,+3.48,+15.680, +9.265,+0.904
1766345640,+3.48,+15.698, +9.246,+0.904
1766345940,+3.48,+15.680, +9.259,+0.904
1766346240,+3.48,+15.620, +9.265,+0.904
1766346540,+3.48,+15.578, +9.277,+0.904
1766346840,+3.48,+15.561, +9.277,+0.904
1766347140,+3.48,+15.552, +9.273,+0.904
1766347440,+3.48,+15.543, +9.271,+0.904
1766347740,+3.48,+15.561, +9.272,+0.904
1766348040,+3.48,+15.543, +9.281,+0.905
1766348340,+3.48,+15.466, +9.271,+0.903
