7450-213022
OS REV: 1.05 Sensor Cal: 1705524222
Time (sec),  BV (Volts),  T (deg C),  DO (mg/l),  Q ()
1766088540,+3.57,+17.441, +9.017,+0.905
1766088840,+3.57,+16.585, +9.215,+0.906
1766089140,+3.57,+16.167, +9.287,+0.906
1766089440,+3.57,+16.244, +9.276,+0.907
1766089740,+3.57,+16.210, +9.287,+0.907
1766090040,+3.57,+16.321, +9.274,+0.908
1766090340,+3.57,+16.338, +9.266,+0.908
1766090640,+3.57,+16.295, +9.280,+0.908
1766090940,+3.57,+16.236, +9.290,+0.908
1766091240,+3.57,+16.201, +9.292,+0.908
1766091540,+3.57,+16.193, +9.302,+0.908
1766091840,+3.57,+16.227, +9.285,+0.907
1766092140,+3.57,+16.389, +9.262,+0.908
1766092440,+3.57,+16.474, +9.248,+0.908
1766092740,+3.57,+16.534, +9.224,+0.907
1766093040,+3.56,+16.678, +9.217,+0.908
1766093340,+3.56,+16.822, +9.150,+0.906
1766093640,+3.57,+16.907, +9.164,+0.907
1766093940,+3.57,+17.018, +9.135,+0.907
1766094240,+3.57,+17.094, +9.135,+0.907
1766094540,+3.57,+17.094, +9.127,+0.907
1766094840,+3.57,+17.136, +9.125,+0.907
1766095140,+3.57,+17.077, +9.122,+0.906
1766095440,+3.57,+17.034, +9.142,+0.907
1766095740,+3.57,+17.111, +9.136,+0.907
1766096040,+3.56,+17.424, +9.069,+0.907
1766096340,+3.56,+17.635, +9.044,+0.907
1766096640,+3.56,+17.754, +8.997,+0.906
1766096940,+3.56,+17.711, +9.014,+0.906
1766097240,+3.56,+17.517, +9.068,+0.906
1766097540,+3.56,+17.458, +9.071,+0.906
1766097840,+3.56,+17.373, +9.082,+0.906
1766098140,+3.56,+17.212, +9.113,+0.907
1766098440,+3.57,+17.060, +9.125,+0.906
1766098740,+3.57,+16.933, +9.168,+0.907
1766099040,+3.56,+16.831, +9.166,+0.906
1766099340,+3.56,+16.695, +9.194,+0.906
1766099640,+3.56,+16.856, +9.183,+0.907
1766099940,+3.56,+17.221, +9.109,+0.907
1766100240,+3.56,+17.356, +9.076,+0.907
1766100540,+3.56,+17.576, +9.042,+0.906
1766100840,+3.56,+17.863, +9.003,+0.906
1766101140,+3.56,+17.948, +8.977,+0.906
1766101440,+3.56,+17.846, +9.001,+0.906
1766101740,+3.56,+17.770, +9.020,+0.905
1766102040,+3.56,+17.787, +9.017,+0.906
1766102340,+3.56,+17.466, +9.046,+0.905
1766102640,+3.56,+16.950, +9.169,+0.906
1766102940,+3.56,+16.389, +9.250,+0.906
1766103240,+3.56,+15.851, +9.368,+0.907
1766103540,+3.56,+15.449, +9.437,+0.907
1766103840,+3.56,+15.071, +9.502,+0.907
1766104140,+3.56,+14.666, +9.576,+0.907
1766104440,+3.56,+14.260, +9.671,+0.908
1766104740,+3.56,+13.886, +9.750,+0.909
1766105040,+3.56,+13.511, +9.822,+0.909
1766105340,+3.56,+13.179, +9.893,+0.909
1766105640,+3.56,+12.880, +9.942,+0.909
1766105940,+3.57,+12.580,+10.015,+0.910
1766106240,+3.56,+12.271,+10.095,+0.911
1766106540,+3.56,+11.960,+10.135,+0.909
1766106840,+3.57,+11.665,+10.231,+0.911
1766107140,+3.57,+11.415,+10.276,+0.911
1766107440,+3.56,+11.190,+10.326,+0.910
1766107740,+3.56,+11.010,+10.357,+0.910
1766108040,+3.56,+10.848,+10.396,+0.910
1766108340,+3.56,+10.712,+10.422,+0.911
1766108640,+3.56,+10.594,+10.453,+0.911
1766108940,+3.56,+10.485,+10.488,+0.911
1766109240,+3.56,+10.367,+10.508,+0.911
1766109540,+3.56,+10.285,+10.516,+0.910
1766109840,+3.56,+10.185,+10.555,+0.911
1766110140,+3.56,+10.093,+10.575,+0.911
1766110440,+3.56,+10.048,+10.587,+0.911
1766110740,+3.56,+10.093,+10.579,+0.912
1766111040,+3.56,+10.167,+10.553,+0.911
1766111340,+3.56,+10.285,+10.519,+0.911
1766111640,+3.56,+10.367,+10.494,+0.911
1766111940,+3.56,+10.449,+10.477,+0.911
1766112240,+3.56,+10.485,+10.462,+0.910
1766112540,+3.56,+10.513,+10.461,+0.911
1766112840,+3.56,+10.513,+10.468,+0.911
1766113140,+3.56,+10.531,+10.463,+0.911
1766113440,+3.56,+10.531,+10.454,+0.911
1766113740,+3.56,+10.503,+10.469,+0.911
1766114040,+3.56,+10.494,+10.473,+0.911
1766114340,+3.56,+10.531,+10.450,+0.911
1766114640,+3.56,+10.576,+10.429,+0.910
1766114940,+3.56,+10.630,+10.417,+0.910
1766115240,+3.56,+10.676,+10.412,+0.910
1766115540,+3.56,+10.739,+10.385,+0.910
1766115840,+3.56,+10.839,+10.369,+0.910
1766116140,+3.56,+10.884,+10.364,+0.910
1766116440,+3.55,+10.965,+10.335,+0.910
1766116740,+3.55,+10.992,+10.339,+0.910
1766117040,+3.55,+11.037,+10.331,+0.910
1766117340,+3.55,+11.073,+10.327,+0.910
1766117640,+3.55,+11.091,+10.315,+0.910
1766117940,+3.55,+11.091,+10.303,+0.909
1766118240,+3.55,+11.091,+10.300,+0.909
1766118540,+3.55,+11.064,+10.315,+0.909
1766118840,+3.55,+11.028,+10.331,+0.910
1766119140,+3.55,+11.037,+10.328,+0.910
1766119440,+3.55,+11.019,+10.338,+0.910
1766119740,+3.55,+11.037,+10.329,+0.910
1766120040,+3.55,+11.028,+10.327,+0.910
1766120340,+3.55,+11.019,+10.330,+0.910
1766120640,+3.55,+10.992,+10.347,+0.910
1766120940,+3.55,+10.983,+10.343,+0.910
1766121240,+3.55,+10.992,+10.340,+0.910
1766121540,+3.55,+11.001,+10.341,+0.910
1766121840,+3.55,+11.001,+10.349,+0.910
1766122140,+3.55,+11.019,+10.329,+0.910
1766122440,+3.55,+11.001,+10.340,+0.910
1766122740,+3.55,+11.001,+10.357,+0.911
1766123040,+3.55,+11.001,+10.325,+0.909
1766123340,+3.55,+10.956,+10.356,+0.910
1766123640,+3.55,+11.001,+10.334,+0.910
1766123940,+3.55,+10.983,+10.352,+0.910
1766124240,+3.55,+10.974,+10.335,+0.909
1766124540,+3.55,+10.992,+10.336,+0.909
1766124840,+3.55,+10.983,+10.344,+0.910
1766125140,+3.55,+10.974,+10.357,+0.910
1766125440,+3.55,+10.983,+10.337,+0.910
1766125740,+3.55,+10.974,+10.343,+0.910
1766126040,+3.55,+10.965,+10.351,+0.910
1766126340,+3.55,+10.965,+10.342,+0.909
1766126640,+3.55,+10.947,+10.365,+0.911
1766126940,+3.55,+10.893,+10.366,+0.910
1766127240,+3.55,+10.830,+10.382,+0.910
1766127540,+3.55,+10.821,+10.377,+0.910
1766127840,+3.55,+10.757,+10.398,+0.910
1766128140,+3.55,+10.739,+10.387,+0.909
1766128440,+3.55,+10.703,+10.417,+0.910
1766128740,+3.55,+10.685,+10.404,+0.910
1766129040,+3.55,+10.694,+10.409,+0.910
1766129340,+3.55,+10.694,+10.409,+0.910
1766129640,+3.55,+10.685,+10.410,+0.910
1766129940,+3.55,+10.721,+10.383,+0.909
1766130240,+3.55,+10.748,+10.397,+0.910
1766130540,+3.55,+10.757,+10.385,+0.910
1766130840,+3.55,+10.803,+10.371,+0.910
1766131140,+3.55,+10.839,+10.367,+0.910
1766131440,+3.54,+10.857,+10.358,+0.910
1766131740,+3.54,+10.893,+10.364,+0.910
1766132040,+3.54,+10.911,+10.355,+0.910
1766132340,+3.54,+10.938,+10.345,+0.909
1766132640,+3.54,+10.974,+10.332,+0.910
1766132940,+3.54,+10.983,+10.335,+0.910
1766133240,+3.54,+11.001,+10.337,+0.910
1766133540,+3.54,+11.028,+10.319,+0.910
1766133840,+3.54,+11.028,+10.323,+0.910
1766134140,+3.54,+11.055,+10.297,+0.909
1766134440,+3.54,+11.037,+10.320,+0.910
1766134740,+3.54,+11.046,+10.314,+0.909
1766135040,+3.54,+11.082,+10.299,+0.910
1766135340,+3.54,+11.073,+10.303,+0.909
1766135640,+3.54,+11.064,+10.308,+0.910
1766135940,+3.54,+11.082,+10.286,+0.909
1766136240,+3.54,+11.091,+10.297,+0.910
1766136540,+3.54,+11.082,+10.301,+0.909
1766136840,+3.54,+11.100,+10.299,+0.910
1766137140,+3.54,+11.100,+10.288,+0.909
1766137440,+3.54,+11.118,+10.295,+0.910
1766137740,+3.54,+11.136,+10.291,+0.910
1766138040,+3.54,+11.145,+10.292,+0.910
1766138340,+3.54,+11.145,+10.295,+0.910
1766138640,+3.54,+11.163,+10.277,+0.910
1766138940,+3.54,+11.154,+10.297,+0.910
1766139240,+3.54,+11.172,+10.272,+0.909
1766139540,+3.54,+11.163,+10.273,+0.909
1766139840,+3.54,+11.190,+10.266,+0.909
1766140140,+3.54,+11.181,+10.280,+0.909
1766140440,+3.54,+11.226,+10.265,+0.909
1766140740,+3.54,+11.235,+10.263,+0.909
1766141040,+3.54,+11.244,+10.268,+0.910
1766141340,+3.54,+11.253,+10.260,+0.910
1766141640,+3.53,+11.253,+10.269,+0.910
1766141940,+3.53,+11.253,+10.258,+0.909
1766142240,+3.53,+11.280,+10.248,+0.909
1766142540,+3.53,+11.271,+10.256,+0.909
1766142840,+3.53,+11.289,+10.260,+0.910
1766143140,+3.53,+11.280,+10.251,+0.909
1766143440,+3.53,+11.289,+10.256,+0.909
1766143740,+3.53,+11.298,+10.239,+0.909
1766144040,+3.53,+11.289,+10.247,+0.909
1766144340,+3.53,+11.280,+10.251,+0.909
1766144640,+3.53,+11.253,+10.271,+0.910
1766144940,+3.53,+11.271,+10.255,+0.909
1766145240,+3.53,+11.226,+10.286,+0.910
1766145540,+3.53,+11.244,+10.262,+0.909
1766145840,+3.53,+11.217,+10.275,+0.910
1766146140,+3.53,+11.199,+10.279,+0.909
1766146440,+3.53,+11.217,+10.263,+0.909
1766146740,+3.53,+11.217,+10.273,+0.909
1766147040,+3.53,+11.226,+10.261,+0.909
1766147340,+3.53,+11.235,+10.250,+0.909
1766147640,+3.53,+11.226,+10.265,+0.909
1766147940,+3.53,+11.208,+10.274,+0.909
1766148240,+3.53,+11.226,+10.260,+0.909
1766148540,+3.53,+11.208,+10.265,+0.910
1766148840,+3.53,+11.190,+10.268,+0.909
1766149140,+3.53,+11.181,+10.279,+0.909
1766149440,+3.53,+11.190,+10.267,+0.909
1766149740,+3.53,+11.208,+10.266,+0.909
1766150040,+3.53,+11.199,+10.262,+0.909
1766150340,+3.53,+11.190,+10.273,+0.909
1766150640,+3.53,+11.181,+10.275,+0.910
1766150940,+3.53,+11.181,+10.263,+0.909
1766151240,+3.53,+11.172,+10.281,+0.909
1766151540,+3.53,+11.190,+10.287,+0.910
1766151840,+3.53,+11.226,+10.260,+0.909
1766152140,+3.53,+11.199,+10.282,+0.910
1766152440,+3.53,+11.190,+10.290,+0.910
1766152740,+3.53,+11.181,+10.270,+0.909
1766153040,+3.53,+11.181,+10.273,+0.909
1766153340,+3.53,+11.163,+10.275,+0.909
1766153640,+3.53,+11.172,+10.274,+0.909
1766153940,+3.53,+11.154,+10.278,+0.909
1766154240,+3.53,+11.127,+10.279,+0.909
1766154540,+3.53,+11.109,+10.298,+0.909
1766154840,+3.53,+11.091,+10.286,+0.909
1766155140,+3.53,+11.082,+10.312,+0.910
1766155440,+3.53,+11.091,+10.293,+0.909
1766155740,+3.53,+11.100,+10.292,+0.909
1766156040,+3.53,+11.100,+10.297,+0.909
1766156340,+3.53,+11.082,+10.292,+0.909
1766156640,+3.53,+11.082,+10.292,+0.909
1766156940,+3.53,+11.082,+10.290,+0.909
1766157240,+3.53,+11.055,+10.310,+0.910
1766157540,+3.53,+11.037,+10.309,+0.910
1766157840,+3.53,+11.046,+10.304,+0.909
1766158140,+3.53,+11.010,+10.317,+0.909
1766158440,+3.53,+11.001,+10.321,+0.910
1766158740,+3.53,+11.001,+10.304,+0.909
1766159040,+3.53,+11.001,+10.319,+0.909
1766159340,+3.53,+11.019,+10.303,+0.909
1766159640,+3.53,+11.064,+10.292,+0.909
1766159940,+3.52,+11.109,+10.295,+0.910
1766160240,+3.52,+11.154,+10.279,+0.910
1766160540,+3.52,+11.190,+10.262,+0.909
1766160840,+3.52,+11.226,+10.250,+0.909
1766161140,+3.52,+11.217,+10.263,+0.909
1766161440,+3.53,+11.289,+10.246,+0.909
1766161740,+3.53,+11.334,+10.235,+0.909
1766162040,+3.53,+11.379,+10.228,+0.909
1766162340,+3.53,+11.424,+10.218,+0.909
1766162640,+3.53,+11.469,+10.211,+0.909
1766162940,+3.53,+11.531,+10.199,+0.909
1766163240,+3.53,+11.603,+10.184,+0.909
1766163540,+3.53,+11.656,+10.181,+0.909
1766163840,+3.53,+11.710,+10.149,+0.909
1766164140,+3.53,+11.710,+10.158,+0.909
1766164440,+3.53,+11.737,+10.156,+0.909
1766164740,+3.53,+11.799,+10.141,+0.909
1766165040,+3.52,+11.853,+10.112,+0.908
1766165340,+3.52,+11.888,+10.118,+0.909
1766165640,+3.52,+11.977,+10.096,+0.909
1766165940,+3.52,+12.040,+10.095,+0.909
1766166240,+3.52,+12.173,+10.066,+0.909
1766166540,+3.52,+12.271,+10.038,+0.909
1766166840,+3.52,+12.395, +9.994,+0.908
1766167140,+3.52,+12.448,+10.001,+0.909
1766167440,+3.52,+12.501, +9.994,+0.909
1766167740,+3.52,+12.457, +9.998,+0.908
1766168040,+3.52,+12.474, +9.993,+0.908
1766168340,+3.52,+12.492, +9.979,+0.908
1766168640,+3.52,+12.483, +9.982,+0.908
1766168940,+3.52,+12.483, +9.988,+0.908
1766169240,+3.52,+12.510, +9.985,+0.909
1766169540,+3.52,+12.545, +9.983,+0.908
1766169840,+3.52,+12.571, +9.960,+0.908
1766170140,+3.52,+12.571, +9.969,+0.908
1766170440,+3.52,+12.571, +9.945,+0.908
1766170740,+3.52,+12.527, +9.979,+0.909
1766171040,+3.52,+12.501, +9.974,+0.908
1766171340,+3.52,+12.536, +9.971,+0.908
1766171640,+3.52,+12.554, +9.956,+0.908
1766171940,+3.52,+12.633, +9.941,+0.908
1766172240,+3.52,+12.704, +9.938,+0.908
1766172540,+3.52,+12.810, +9.923,+0.908
1766172840,+3.52,+12.942, +9.874,+0.908
1766173140,+3.52,+13.047, +9.872,+0.908
1766173440,+3.52,+13.179, +9.836,+0.908
1766173740,+3.52,+13.284, +9.812,+0.908
1766174040,+3.51,+13.354, +9.806,+0.908
1766174340,+3.51,+13.406, +9.786,+0.908
1766174640,+3.51,+13.485, +9.761,+0.907
1766174940,+3.51,+13.529, +9.746,+0.907
