7450-213022
OS REV: 1.05 Sensor Cal: 1705524222
Time (sec),  BV (Volts),  T (deg C),  DO (mg/l),  Q ()
1768169340,+3.47, +9.247, +7.222,+0.906
1768169640,+3.47, +9.238, +7.257,+0.906
1768169940,+3.47, +9.266, +7.175,+0.906
1768170240,+3.47, +9.256, +7.142,+0.906
1768170540,+3.47, +9.256, +7.188,+0.906
1768170840,+3.47, +9.266, +7.220,+0.906
1768171140,+3.47, +9.275, +7.177,+0.906
1768171440,+3.47, +9.275, +7.184,+0.906
1768171740,+3.47, +9.275, +7.226,+0.906
1768172040,+3.47, +9.293, +7.255,+0.906
1768172340,+3.47, +9.293, +7.244,+0.906
1768172640,+3.47, +9.303, +7.202,+0.906
1768172940,+3.47, +9.303, +7.148,+0.906
1768173240,+3.47, +9.303, +7.094,+0.906
1768173540,+3.47, +9.293, +7.073,+0.906
1768173840,+3.47, +9.284, +7.064,+0.906
1768174140,+3.47, +9.293, +7.050,+0.906
1768174440,+3.47, +9.284, +7.040,+0.906
1768174740,+3.47, +9.284, +7.008,+0.906
1768175040,+3.47, +9.303, +6.979,+0.906
1768175340,+3.47, +9.303, +6.938,+0.906
1768175640,+3.47, +9.275, +6.897,+0.906
1768175940,+3.47, +9.275, +6.870,+0.906
1768176240,+3.47, +9.312, +6.763,+0.906
1768176540,+3.47, +9.303, +6.710,+0.906
1768176840,+3.47, +9.303, +6.674,+0.906
1768177140,+3.47, +9.312, +6.668,+0.906
1768177440,+3.47, +9.312, +6.704,+0.906
1768177740,+3.47, +9.303, +6.709,+0.906
1768178040,+3.47, +9.312, +6.693,+0.906
1768178340,+3.47, +9.330, +6.662,+0.906
1768178640,+3.47, +9.321, +6.655,+0.906
1768178940,+3.47, +9.312, +6.675,+0.906
1768179240,+3.47, +9.330, +6.678,+0.906
1768179540,+3.47, +9.330, +6.656,+0.906
1768179840,+3.47, +9.358, +6.636,+0.906
1768180140,+3.47, +9.358, +6.602,+0.906
1768180440,+3.47, +9.330, +6.620,+0.906
1768180740,+3.47, +9.358, +6.619,+0.906
1768181040,+3.47, +9.321, +6.664,+0.906
1768181340,+3.47, +9.330, +6.663,+0.906
1768181640,+3.47, +9.377, +6.583,+0.906
1768181940,+3.47, +9.340, +6.578,+0.906
1768182240,+3.47, +9.340, +6.548,+0.906
1768182540,+3.47, +9.358, +6.485,+0.906
1768182840,+3.47, +9.349, +6.469,+0.906
1768183140,+3.47, +9.358, +6.528,+0.906
1768183440,+3.47, +9.340, +6.495,+0.906
1768183740,+3.47, +9.367, +6.450,+0.906
1768184040,+3.47, +9.349, +6.463,+0.906
1768184340,+3.47, +9.349, +6.407,+0.906
1768184640,+3.47, +9.367, +6.379,+0.906
1768184940,+3.47, +9.395, +6.321,+0.906
1768185240,+3.47, +9.395, +6.306,+0.906
1768185540,+3.47, +9.395, +6.311,+0.906
1768185840,+3.47, +9.395, +6.240,+0.906
1768186140,+3.47, +9.367, +6.204,+0.906
1768186440,+3.47, +9.395, +6.229,+0.906
1768186740,+3.47, +9.386, +6.214,+0.906
1768187040,+3.47, +9.386, +6.177,+0.906
1768187340,+3.47, +9.404, +6.199,+0.906
1768187640,+3.47, +9.395, +6.153,+0.906
1768187940,+3.47, +9.395, +6.116,+0.906
1768188240,+3.47, +9.414, +6.040,+0.906
1768188540,+3.47, +9.414, +5.962,+0.906
1768188840,+3.47, +9.414, +6.075,+0.906
1768189140,+3.47, +9.414, +6.010,+0.906
1768189440,+3.47, +9.414, +5.987,+0.906
1768189740,+3.47, +9.404, +6.067,+0.906
1768190040,+3.47, +9.423, +6.056,+0.905
1768190340,+3.47, +9.441, +6.035,+0.906
1768190640,+3.47, +9.432, +6.011,+0.906
1768190940,+3.47, +9.432, +5.979,+0.906
1768191240,+3.47, +9.432, +5.942,+0.906
1768191540,+3.47, +9.451, +5.848,+0.906
1768191840,+3.47, +9.441, +5.752,+0.906
1768192140,+3.47, +9.441, +5.632,+0.906
1768192440,+3.47, +9.451, +5.648,+0.906
1768192740,+3.47, +9.460, +5.627,+0.906
1768193040,+3.47, +9.460, +5.644,+0.906
1768193340,+3.47, +9.441, +5.662,+0.906
1768193640,+3.47, +9.441, +5.586,+0.906
1768193940,+3.47, +9.451, +5.576,+0.906
1768194240,+3.47, +9.469, +5.591,+0.906
1768194540,+3.47, +9.460, +5.591,+0.906
1768194840,+3.47, +9.469, +5.536,+0.906
1768195140,+3.47, +9.487, +5.549,+0.906
1768195440,+3.47, +9.487, +5.591,+0.906
1768195740,+3.47, +9.478, +5.599,+0.906
1768196040,+3.47, +9.497, +5.573,+0.906
1768196340,+3.47, +9.478, +5.594,+0.906
1768196640,+3.47, +9.487, +5.602,+0.906
1768196940,+3.47, +9.478, +5.652,+0.906
1768197240,+3.47, +9.469, +5.627,+0.906
1768197540,+3.47, +9.478, +5.577,+0.906
1768197840,+3.47, +9.487, +5.568,+0.906
1768198140,+3.47, +9.478, +5.512,+0.906
1768198440,+3.47, +9.478, +5.485,+0.906
1768198740,+3.47, +9.487, +5.454,+0.906
1768199040,+3.47, +9.487, +5.407,+0.906
1768199340,+3.47, +9.497, +5.299,+0.906
1768199640,+3.47, +9.478, +5.282,+0.906
1768199940,+3.47, +9.487, +5.220,+0.906
1768200240,+3.47, +9.478, +5.221,+0.906
1768200540,+3.47, +9.497, +5.201,+0.906
1768200840,+3.47, +9.497, +5.156,+0.906
1768201140,+3.47, +9.515, +5.187,+0.906
1768201440,+3.47, +9.497, +5.132,+0.906
1768201740,+3.47, +9.506, +5.257,+0.906
1768202040,+3.47, +9.497, +5.303,+0.906
1768202340,+3.47, +9.515, +5.322,+0.906
1768202640,+3.47, +9.506, +5.309,+0.906
1768202940,+3.47, +9.515, +5.504,+0.906
1768203240,+3.47, +9.534, +5.468,+0.906
1768203540,+3.47, +9.515, +5.548,+0.906
1768203840,+3.47, +9.524, +5.389,+0.906
1768204140,+3.47, +9.534, +5.393,+0.906
1768204440,+3.47, +9.524, +5.885,+0.906
1768204740,+3.47, +9.552, +6.041,+0.906
1768205040,+3.47, +9.561, +6.250,+0.906
1768205340,+3.47, +9.552, +6.359,+0.906
1768205640,+3.47, +9.552, +6.220,+0.906
1768205940,+3.47, +9.543, +6.274,+0.906
1768206240,+3.47, +9.543, +6.150,+0.906
1768206540,+3.47, +9.543, +6.224,+0.906
1768206840,+3.47, +9.570, +6.398,+0.906
1768207140,+3.47, +9.561, +6.603,+0.906
1768207440,+3.47, +9.561, +6.632,+0.905
1768207740,+3.47, +9.607, +6.722,+0.905
1768208040,+3.47, +9.598, +6.568,+0.906
1768208340,+3.47, +9.580, +6.531,+0.906
1768208640,+3.47, +9.589, +6.535,+0.906
1768208940,+3.47, +9.580, +6.460,+0.906
1768209240,+3.47, +9.580, +6.386,+0.906
1768209540,+3.47, +9.570, +6.339,+0.906
1768209840,+3.47, +9.570, +6.407,+0.906
1768210140,+3.47, +9.580, +6.345,+0.906
1768210440,+3.47, +9.616, +6.261,+0.906
1768210740,+3.47, +9.616, +6.238,+0.906
1768211040,+3.47, +9.616, +6.116,+0.906
1768211340,+3.47, +9.672, +6.048,+0.906
1768211640,+3.47, +9.644, +6.093,+0.906
1768211940,+3.47, +9.653, +6.079,+0.906
1768212240,+3.47, +9.672, +5.998,+0.906
1768212540,+3.47, +9.736, +6.107,+0.906
1768212840,+3.47, +9.708, +6.094,+0.906
1768213140,+3.47, +9.708, +6.119,+0.906
1768213440,+3.47, +9.718, +6.178,+0.906
1768213740,+3.47, +9.727, +6.267,+0.906
1768214040,+3.47, +9.708, +6.339,+0.905
1768214340,+3.47, +9.727, +6.334,+0.906
1768214640,+3.47, +9.708, +6.354,+0.906
1768214940,+3.47, +9.764, +6.628,+0.906
1768215240,+3.47, +9.764, +6.608,+0.906
1768215540,+3.47, +9.773, +6.543,+0.905
1768215840,+3.47, +9.754, +6.496,+0.906
1768216140,+3.47, +9.727, +6.497,+0.906
1768216440,+3.47, +9.754, +6.484,+0.906
1768216740,+3.47, +9.736, +6.484,+0.906
1768217040,+3.47, +9.718, +6.464,+0.905
1768217340,+3.47, +9.773, +6.632,+0.906
1768217640,+3.47, +9.773, +6.606,+0.906
1768217940,+3.47, +9.800, +6.606,+0.905
1768218240,+3.47, +9.764, +6.640,+0.906
1768218540,+3.47, +9.782, +6.610,+0.905
1768218840,+3.47, +9.782, +6.553,+0.906
1768219140,+3.47, +9.837, +6.493,+0.906
1768219440,+3.47, +9.837, +6.505,+0.906
1768219740,+3.47, +9.828, +6.600,+0.905
1768220040,+3.47, +9.846, +6.809,+0.906
1768220340,+3.47, +9.810, +6.801,+0.906
1768220640,+3.47, +9.810, +6.671,+0.906
1768220940,+3.47, +9.810, +6.929,+0.906
1768221240,+3.47, +9.819, +6.999,+0.906
1768221540,+3.47, +9.800, +7.372,+0.905
1768221840,+3.47, +9.800, +7.672,+0.905
1768222140,+3.47, +9.819, +7.747,+0.906
1768222440,+3.47, +9.810, +7.721,+0.906
1768222740,+3.47, +9.800, +7.809,+0.906
1768223040,+3.47, +9.773, +7.817,+0.906
1768223340,+3.47, +9.764, +7.771,+0.906
1768223640,+3.47, +9.773, +7.792,+0.906
1768223940,+3.47, +9.745, +7.759,+0.905
1768224240,+3.47, +9.727, +7.701,+0.906
1768224540,+3.47, +9.718, +7.646,+0.906
1768224840,+3.47, +9.727, +7.607,+0.906
1768225140,+3.47, +9.699, +7.641,+0.906
1768225440,+3.47, +9.708, +7.676,+0.906
1768225740,+3.47, +9.708, +7.661,+0.906
1768226040,+3.47, +9.699, +7.620,+0.906
1768226340,+3.47, +9.681, +7.616,+0.906
1768226640,+3.47, +9.681, +7.540,+0.906
1768226940,+3.47, +9.663, +7.577,+0.906
1768227240,+3.47, +9.644, +7.576,+0.906
1768227540,+3.47, +9.644, +7.634,+0.906
1768227840,+3.47, +9.626, +7.719,+0.906
1768228140,+3.47, +9.626, +7.665,+0.906
1768228440,+3.47, +9.607, +7.632,+0.906
1768228740,+3.47, +9.616, +7.594,+0.906
1768229040,+3.47, +9.616, +7.537,+0.906
1768229340,+3.47, +9.607, +7.507,+0.906
1768229640,+3.47, +9.598, +7.527,+0.906
1768229940,+3.47, +9.598, +7.519,+0.906
1768230240,+3.47, +9.580, +7.552,+0.906
1768230540,+3.47, +9.589, +7.570,+0.905
1768230840,+3.47, +9.580, +7.567,+0.906
1768231140,+3.47, +9.534, +7.680,+0.906
1768231440,+3.47, +9.515, +7.677,+0.906
1768231740,+3.47, +9.543, +7.614,+0.906
1768232040,+3.47, +9.506, +7.626,+0.906
1768232340,+3.47, +9.515, +7.621,+0.906
1768232640,+3.47, +9.487, +7.571,+0.906
1768232940,+3.47, +9.478, +7.642,+0.906
1768233240,+3.47, +9.497, +7.591,+0.906
1768233540,+3.47, +9.469, +7.625,+0.905
1768233840,+3.47, +9.478, +7.616,+0.906
1768234140,+3.47, +9.487, +7.588,+0.906
1768234440,+3.47, +9.478, +7.534,+0.906
1768234740,+3.47, +9.451, +7.544,+0.906
1768235040,+3.47, +9.460, +7.535,+0.906
1768235340,+3.47, +9.441, +7.546,+0.906
1768235640,+3.47, +9.441, +7.498,+0.906
1768235940,+3.47, +9.441, +7.573,+0.906
1768236240,+3.47, +9.423, +7.537,+0.906
1768236540,+3.47, +9.451, +7.531,+0.906
1768236840,+3.47, +9.451, +7.537,+0.906
1768237140,+3.47, +9.432, +7.574,+0.906
1768237440,+3.47, +9.423, +7.630,+0.906
1768237740,+3.47, +9.451, +7.631,+0.906
1768238040,+3.47, +9.441, +7.538,+0.905
1768238340,+3.47, +9.441, +7.517,+0.906
1768238640,+3.47, +9.441, +7.550,+0.906
1768238940,+3.47, +9.441, +7.522,+0.906
1768239240,+3.47, +9.432, +7.480,+0.906
1768239540,+3.47, +9.432, +7.473,+0.906
1768239840,+3.47, +9.451, +7.458,+0.906
1768240140,+3.47, +9.478, +7.447,+0.906
1768240440,+3.47, +9.497, +7.427,+0.906
1768240740,+3.47, +9.524, +7.447,+0.906
1768241040,+3.47, +9.515, +7.383,+0.906
1768241340,+3.47, +9.524, +7.454,+0.906
1768241640,+3.47, +9.524, +7.563,+0.906
1768241940,+3.47, +9.506, +7.595,+0.906
1768242240,+3.47, +9.515, +7.621,+0.906
1768242540,+3.47, +9.506, +7.596,+0.906
1768242840,+3.47, +9.515, +7.608,+0.906
1768243140,+3.47, +9.534, +7.643,+0.906
1768243440,+3.47, +9.506, +7.639,+0.906
1768243740,+3.47, +9.524, +7.636,+0.906
1768244040,+3.47, +9.506, +7.642,+0.906
1768244340,+3.47, +9.534, +7.591,+0.905
1768244640,+3.47, +9.524, +7.559,+0.906
1768244940,+3.47, +9.552, +7.517,+0.906
1768245240,+3.47, +9.515, +7.466,+0.906
1768245540,+3.47, +9.524, +7.455,+0.906
1768245840,+3.47, +9.534, +7.444,+0.906
1768246140,+3.47, +9.534, +7.447,+0.905
1768246440,+3.47, +9.534, +7.730,+0.906
1768246740,+3.47, +9.515, +7.783,+0.906
1768247040,+3.47, +9.543, +7.791,+0.906
1768247340,+3.47, +9.552, +7.707,+0.906
1768247640,+3.47, +9.552, +7.655,+0.905
1768247940,+3.47, +9.524, +7.615,+0.906
1768248240,+3.47, +9.543, +7.461,+0.906
1768248540,+3.47, +9.552, +7.445,+0.906
1768248840,+3.47, +9.552, +7.385,+0.906
1768249140,+3.47, +9.552, +7.300,+0.906
1768249440,+3.47, +9.543, +7.268,+0.906
1768249740,+3.47, +9.580, +7.326,+0.905
1768250040,+3.47, +9.607, +7.293,+0.906
1768250340,+3.47, +9.635, +7.399,+0.905
1768250640,+3.47, +9.598, +7.348,+0.905
1768250940,+3.47, +9.589, +7.310,+0.906
1768251240,+3.47, +9.598, +7.232,+0.905
1768251540,+3.47, +9.607, +7.204,+0.906
1768251840,+3.47, +9.626, +7.167,+0.906
1768252140,+3.47, +9.635, +7.137,+0.906
1768252440,+3.47, +9.607, +7.101,+0.906
1768252740,+3.47, +9.635, +7.059,+0.906
1768253040,+3.47, +9.626, +7.007,+0.905
1768253340,+3.47, +9.626, +7.032,+0.906
1768253640,+3.47, +9.598, +7.028,+0.906
1768253940,+3.47, +9.607, +7.169,+0.906
1768254240,+3.47, +9.626, +7.156,+0.906
1768254540,+3.47, +9.616, +7.192,+0.906
1768254840,+3.47, +9.644, +7.153,+0.906
1768255140,+3.47, +9.663, +7.178,+0.906
1768255440,+3.47, +9.635, +7.097,+0.905
1768255740,+3.47, +9.635, +7.112,+0.906
