7450-213022
OS REV: 1.05 Sensor Cal: 1705524222
Time (sec),  BV (Volts),  T (deg C),  DO (mg/l),  Q ()
1768082640,+3.47, +9.275, +7.848,+0.906
1768082940,+3.47, +9.293, +7.813,+0.907
1768083240,+3.47, +9.293, +7.741,+0.906
1768083540,+3.47, +9.275, +7.707,+0.906
1768083840,+3.47, +9.284, +7.678,+0.906
1768084140,+3.47, +9.293, +7.680,+0.906
1768084440,+3.47, +9.303, +7.707,+0.906
1768084740,+3.47, +9.303, +7.679,+0.906
1768085040,+3.47, +9.293, +7.657,+0.906
1768085340,+3.47, +9.312, +7.621,+0.906
1768085640,+3.47, +9.312, +7.573,+0.906
1768085940,+3.47, +9.312, +7.560,+0.906
1768086240,+3.47, +9.321, +7.551,+0.906
1768086540,+3.47, +9.330, +7.507,+0.906
1768086840,+3.47, +9.321, +7.478,+0.906
1768087140,+3.47, +9.303, +7.447,+0.906
1768087440,+3.47, +9.293, +7.511,+0.907
1768087740,+3.47, +9.321, +7.466,+0.906
1768088040,+3.47, +9.330, +7.430,+0.906
1768088340,+3.47, +9.321, +7.396,+0.906
1768088640,+3.47, +9.349, +7.406,+0.906
1768088940,+3.47, +9.340, +7.414,+0.906
1768089240,+3.47, +9.330, +7.422,+0.907
1768089540,+3.47, +9.330, +7.393,+0.906
1768089840,+3.47, +9.321, +7.438,+0.906
1768090140,+3.47, +9.340, +7.394,+0.906
1768090440,+3.47, +9.358, +7.462,+0.906
1768090740,+3.47, +9.358, +7.490,+0.906
1768091040,+3.47, +9.349, +7.489,+0.906
1768091340,+3.47, +9.358, +7.482,+0.907
1768091640,+3.47, +9.377, +7.443,+0.906
1768091940,+3.47, +9.377, +7.453,+0.906
1768092240,+3.47, +9.367, +7.430,+0.906
1768092540,+3.47, +9.386, +7.417,+0.906
1768092840,+3.47, +9.395, +7.413,+0.906
1768093140,+3.47, +9.395, +7.396,+0.906
1768093440,+3.47, +9.367, +7.388,+0.906
1768093740,+3.47, +9.404, +7.369,+0.906
1768094040,+3.47, +9.386, +7.373,+0.906
1768094340,+3.47, +9.386, +7.319,+0.906
1768094640,+3.47, +9.377, +7.345,+0.906
1768094940,+3.47, +9.404, +7.321,+0.906
1768095240,+3.47, +9.377, +7.273,+0.906
1768095540,+3.47, +9.395, +7.236,+0.906
1768095840,+3.47, +9.404, +7.184,+0.906
1768096140,+3.47, +9.395, +7.163,+0.906
1768096440,+3.47, +9.377, +7.179,+0.906
1768096740,+3.47, +9.377, +7.171,+0.906
1768097040,+3.47, +9.404, +7.159,+0.906
1768097340,+3.47, +9.395, +7.168,+0.906
1768097640,+3.47, +9.395, +7.185,+0.906
1768097940,+3.47, +9.395, +7.166,+0.906
1768098240,+3.47, +9.404, +7.153,+0.906
1768098540,+3.47, +9.423, +7.097,+0.906
1768098840,+3.47, +9.414, +7.106,+0.906
1768099140,+3.47, +9.423, +7.095,+0.906
1768099440,+3.47, +9.404, +7.085,+0.906
1768099740,+3.47, +9.441, +7.071,+0.906
1768100040,+3.47, +9.432, +7.037,+0.906
1768100340,+3.47, +9.432, +7.018,+0.906
1768100640,+3.47, +9.441, +6.995,+0.906
1768100940,+3.47, +9.432, +6.966,+0.906
1768101240,+3.47, +9.441, +6.926,+0.906
1768101540,+3.47, +9.423, +6.897,+0.906
1768101840,+3.47, +9.441, +6.888,+0.906
1768102140,+3.47, +9.441, +6.871,+0.906
1768102440,+3.47, +9.432, +6.896,+0.906
1768102740,+3.47, +9.451, +6.888,+0.906
1768103040,+3.47, +9.451, +6.936,+0.906
1768103340,+3.47, +9.469, +6.964,+0.906
1768103640,+3.47, +9.451, +6.953,+0.906
1768103940,+3.47, +9.460, +6.955,+0.906
1768104240,+3.47, +9.460, +6.938,+0.906
1768104540,+3.47, +9.460, +6.932,+0.906
1768104840,+3.47, +9.460, +6.941,+0.906
1768105140,+3.47, +9.478, +6.894,+0.906
1768105440,+3.47, +9.469, +6.876,+0.906
1768105740,+3.47, +9.460, +6.867,+0.906
1768106040,+3.47, +9.460, +6.881,+0.906
1768106340,+3.47, +9.469, +6.830,+0.906
1768106640,+3.47, +9.469, +6.806,+0.906
1768106940,+3.47, +9.469, +6.798,+0.906
1768107240,+3.47, +9.460, +6.775,+0.906
1768107540,+3.47, +9.469, +6.765,+0.906
1768107840,+3.47, +9.469, +6.738,+0.906
1768108140,+3.47, +9.487, +6.731,+0.906
1768108440,+3.47, +9.478, +6.656,+0.906
1768108740,+3.47, +9.478, +6.667,+0.906
1768109040,+3.47, +9.478, +6.660,+0.906
1768109340,+3.47, +9.478, +6.630,+0.906
1768109640,+3.47, +9.497, +6.613,+0.906
1768109940,+3.47, +9.497, +6.618,+0.906
1768110240,+3.47, +9.478, +6.633,+0.906
1768110540,+3.47, +9.497, +6.610,+0.906
1768110840,+3.47, +9.497, +6.605,+0.906
1768111140,+3.47, +9.487, +6.582,+0.906
1768111440,+3.47, +9.487, +6.555,+0.906
1768111740,+3.47, +9.487, +6.542,+0.906
1768112040,+3.47, +9.497, +6.496,+0.906
1768112340,+3.47, +9.497, +6.494,+0.906
1768112640,+3.47, +9.506, +6.477,+0.906
1768112940,+3.47, +9.506, +6.468,+0.906
1768113240,+3.47, +9.524, +6.445,+0.906
1768113540,+3.47, +9.515, +6.433,+0.906
1768113840,+3.47, +9.534, +6.419,+0.906
1768114140,+3.47, +9.524, +6.478,+0.906
1768114440,+3.47, +9.515, +6.478,+0.906
1768114740,+3.47, +9.524, +6.478,+0.906
1768115040,+3.47, +9.515, +6.448,+0.906
1768115340,+3.47, +9.515, +6.459,+0.906
1768115640,+3.47, +9.497, +6.453,+0.906
1768115940,+3.47, +9.506, +6.408,+0.906
1768116240,+3.47, +9.524, +6.387,+0.906
1768116540,+3.47, +9.506, +6.392,+0.906
1768116840,+3.47, +9.524, +6.395,+0.906
1768117140,+3.47, +9.524, +6.383,+0.906
1768117440,+3.47, +9.524, +6.363,+0.906
1768117740,+3.47, +9.543, +6.387,+0.906
1768118040,+3.47, +9.534, +6.449,+0.906
1768118340,+3.47, +9.534, +6.444,+0.906
1768118640,+3.47, +9.534, +6.427,+0.906
1768118940,+3.47, +9.524, +6.410,+0.906
1768119240,+3.47, +9.543, +6.420,+0.906
1768119540,+3.47, +9.543, +6.390,+0.906
1768119840,+3.47, +9.552, +6.368,+0.906
1768120140,+3.47, +9.561, +6.380,+0.906
1768120440,+3.47, +9.543, +6.415,+0.906
1768120740,+3.47, +9.561, +6.395,+0.906
1768121040,+3.47, +9.552, +6.338,+0.906
1768121340,+3.47, +9.543, +6.311,+0.906
1768121640,+3.47, +9.580, +6.266,+0.906
1768121940,+3.47, +9.561, +6.273,+0.906
1768122240,+3.47, +9.589, +6.239,+0.906
1768122540,+3.47, +9.552, +6.233,+0.906
1768122840,+3.47, +9.589, +6.229,+0.906
1768123140,+3.47, +9.570, +6.208,+0.906
1768123440,+3.47, +9.589, +6.215,+0.906
1768123740,+3.47, +9.580, +6.218,+0.906
1768124040,+3.47, +9.589, +6.208,+0.906
1768124340,+3.47, +9.598, +6.195,+0.906
1768124640,+3.47, +9.598, +6.181,+0.906
1768124940,+3.47, +9.580, +6.159,+0.906
1768125240,+3.47, +9.580, +6.140,+0.906
1768125540,+3.47, +9.616, +6.128,+0.907
1768125840,+3.47, +9.589, +6.117,+0.906
1768126140,+3.47, +9.589, +6.114,+0.906
1768126440,+3.47, +9.598, +6.114,+0.907
1768126740,+3.47, +9.598, +6.097,+0.906
1768127040,+3.47, +9.616, +6.097,+0.906
1768127340,+3.47, +9.607, +6.089,+0.906
1768127640,+3.47, +9.607, +6.116,+0.906
1768127940,+3.47, +9.598, +6.136,+0.906
1768128240,+3.47, +9.607, +6.152,+0.906
1768128540,+3.47, +9.589, +6.136,+0.906
1768128840,+3.47, +9.598, +6.135,+0.906
1768129140,+3.47, +9.598, +6.195,+0.906
1768129440,+3.47, +9.607, +6.185,+0.906
1768129740,+3.47, +9.616, +6.194,+0.906
1768130040,+3.47, +9.616, +6.203,+0.906
1768130340,+3.47, +9.616, +6.197,+0.906
1768130640,+3.47, +9.616, +6.179,+0.906
1768130940,+3.47, +9.626, +6.178,+0.906
1768131240,+3.47, +9.626, +6.171,+0.906
1768131540,+3.47, +9.589, +6.213,+0.906
1768131840,+3.47, +9.626, +6.255,+0.906
1768132140,+3.47, +9.607, +6.261,+0.906
1768132440,+3.47, +9.626, +6.279,+0.906
1768132740,+3.47, +9.607, +6.278,+0.906
1768133040,+3.47, +9.616, +6.268,+0.906
1768133340,+3.47, +9.607, +6.252,+0.906
1768133640,+3.47, +9.626, +6.190,+0.906
1768133940,+3.47, +9.607, +6.204,+0.906
1768134240,+3.47, +9.607, +6.234,+0.906
1768134540,+3.47, +9.635, +6.205,+0.906
1768134840,+3.47, +9.598, +6.215,+0.906
1768135140,+3.47, +9.616, +6.218,+0.906
1768135440,+3.47, +9.616, +6.160,+0.906
1768135740,+3.47, +9.626, +6.194,+0.906
1768136040,+3.47, +9.598, +6.260,+0.906
1768136340,+3.47, +9.598, +6.258,+0.906
1768136640,+3.47, +9.607, +6.262,+0.906
1768136940,+3.47, +9.589, +6.309,+0.906
1768137240,+3.47, +9.589, +6.357,+0.906
1768137540,+3.47, +9.598, +6.340,+0.906
1768137840,+3.47, +9.589, +6.326,+0.906
1768138140,+3.47, +9.589, +6.312,+0.906
1768138440,+3.47, +9.589, +6.334,+0.906
1768138740,+3.47, +9.561, +6.368,+0.906
1768139040,+3.47, +9.515, +6.432,+0.906
1768139340,+3.47, +9.487, +6.669,+0.906
1768139640,+3.47, +9.469, +6.836,+0.906
1768139940,+3.47, +9.432, +7.008,+0.906
1768140240,+3.47, +9.423, +7.132,+0.906
1768140540,+3.47, +9.404, +7.142,+0.906
1768140840,+3.47, +9.423, +7.130,+0.906
1768141140,+3.47, +9.441, +7.156,+0.906
1768141440,+3.47, +9.432, +7.234,+0.906
1768141740,+3.47, +9.432, +7.355,+0.906
1768142040,+3.47, +9.432, +7.339,+0.906
1768142340,+3.47, +9.441, +7.293,+0.906
1768142640,+3.47, +9.423, +7.196,+0.906
1768142940,+3.47, +9.451, +7.230,+0.907
1768143240,+3.47, +9.460, +7.217,+0.906
1768143540,+3.47, +9.432, +7.273,+0.906
1768143840,+3.47, +9.423, +7.278,+0.906
1768144140,+3.47, +9.414, +7.279,+0.906
1768144440,+3.47, +9.395, +7.222,+0.906
1768144740,+3.47, +9.340, +7.194,+0.906
1768145040,+3.47, +9.340, +7.243,+0.906
1768145340,+3.47, +9.312, +7.354,+0.906
1768145640,+3.47, +9.312, +7.395,+0.906
1768145940,+3.47, +9.293, +7.332,+0.906
1768146240,+3.47, +9.247, +7.409,+0.906
1768146540,+3.47, +9.266, +7.439,+0.906
1768146840,+3.48, +9.247, +7.454,+0.906
1768147140,+3.48, +9.238, +7.476,+0.906
1768147440,+3.47, +9.219, +7.494,+0.906
1768147740,+3.48, +9.238, +7.597,+0.906
1768148040,+3.47, +9.266, +7.564,+0.906
1768148340,+3.48, +9.247, +7.510,+0.906
1768148640,+3.48, +9.256, +7.498,+0.906
1768148940,+3.48, +9.256, +7.496,+0.906
1768149240,+3.47, +9.229, +7.581,+0.906
1768149540,+3.48, +9.238, +7.579,+0.906
1768149840,+3.48, +9.210, +7.631,+0.906
1768150140,+3.47, +9.201, +7.630,+0.906
1768150440,+3.48, +9.182, +7.683,+0.906
1768150740,+3.48, +9.192, +7.715,+0.906
1768151040,+3.48, +9.145, +7.871,+0.906
1768151340,+3.48, +9.136, +7.894,+0.906
1768151640,+3.48, +9.136, +7.827,+0.906
1768151940,+3.48, +9.108, +7.816,+0.906
1768152240,+3.48, +9.127, +7.846,+0.906
1768152540,+3.48, +9.090, +7.950,+0.906
1768152840,+3.48, +9.090, +7.956,+0.906
1768153140,+3.48, +9.080, +7.904,+0.906
1768153440,+3.48, +9.090, +7.872,+0.906
1768153740,+3.48, +9.071, +7.848,+0.906
1768154040,+3.47, +9.052, +7.849,+0.906
1768154340,+3.47, +9.062, +7.707,+0.906
1768154640,+3.47, +9.043, +7.687,+0.906
1768154940,+3.48, +9.071, +7.681,+0.906
1768155240,+3.48, +9.080, +7.677,+0.906
1768155540,+3.47, +9.071, +7.660,+0.906
1768155840,+3.48, +9.099, +7.645,+0.906
1768156140,+3.48, +9.099, +7.635,+0.906
1768156440,+3.48, +9.080, +7.549,+0.906
1768156740,+3.48, +9.080, +7.469,+0.906
1768157040,+3.48, +9.090, +7.481,+0.906
1768157340,+3.47, +9.108, +7.426,+0.906
1768157640,+3.47, +9.099, +7.325,+0.906
1768157940,+3.47, +9.099, +7.315,+0.906
1768158240,+3.47, +9.080, +7.324,+0.906
1768158540,+3.48, +9.080, +7.331,+0.906
1768158840,+3.47, +9.071, +7.268,+0.906
1768159140,+3.48, +9.090, +7.183,+0.906
1768159440,+3.48, +9.099, +7.060,+0.906
1768159740,+3.47, +9.099, +7.090,+0.906
1768160040,+3.47, +9.099, +7.167,+0.906
1768160340,+3.48, +9.080, +7.204,+0.906
1768160640,+3.47, +9.117, +7.154,+0.906
1768160940,+3.47, +9.108, +7.409,+0.906
1768161240,+3.47, +9.136, +7.446,+0.907
1768161540,+3.48, +9.127, +7.587,+0.906
1768161840,+3.48, +9.127, +7.541,+0.907
1768162140,+3.48, +9.117, +7.461,+0.906
1768162440,+3.47, +9.154, +7.477,+0.906
1768162740,+3.47, +9.127, +7.486,+0.906
1768163040,+3.48, +9.145, +7.423,+0.906
1768163340,+3.47, +9.136, +7.480,+0.906
1768163640,+3.48, +9.164, +7.488,+0.906
1768163940,+3.47, +9.154, +7.505,+0.906
1768164240,+3.47, +9.173, +7.519,+0.906
1768164540,+3.47, +9.182, +7.487,+0.906
1768164840,+3.47, +9.164, +7.445,+0.906
1768165140,+3.47, +9.182, +7.433,+0.906
1768165440,+3.47, +9.173, +7.429,+0.906
1768165740,+3.47, +9.192, +7.335,+0.906
1768166040,+3.47, +9.201, +7.278,+0.906
1768166340,+3.47, +9.201, +7.240,+0.906
1768166640,+3.47, +9.201, +7.235,+0.906
1768166940,+3.47, +9.201, +7.228,+0.906
1768167240,+3.47, +9.210, +7.235,+0.906
1768167540,+3.47, +9.229, +7.231,+0.906
1768167840,+3.47, +9.201, +7.249,+0.906
1768168140,+3.47, +9.238, +7.243,+0.906
1768168440,+3.47, +9.229, +7.282,+0.906
1768168740,+3.47, +9.238, +7.257,+0.906
1768169040,+3.47, +9.238, +7.230,+0.906
