7450-213022
OS REV: 1.05 Sensor Cal: 1705524222
Time (sec),  BV (Volts),  T (deg C),  DO (mg/l),  Q ()
1772929320,+3.49,+16.363, +9.845,+0.901
1772929620,+3.49,+16.355,+10.079,+0.902
1772929920,+3.49,+16.355,+10.070,+0.902
1772930220,+3.49,+16.355,+10.085,+0.901
1772930520,+3.49,+16.346,+10.054,+0.902
1772930820,+3.49,+16.355,+10.090,+0.902
1772931120,+3.49,+16.372,+10.120,+0.902
1772931420,+3.49,+16.355,+10.141,+0.902
1772931720,+3.49,+16.346,+10.073,+0.902
1772932020,+3.49,+16.346,+10.133,+0.902
1772932320,+3.49,+16.355,+10.107,+0.903
1772932620,+3.49,+16.355,+10.070,+0.901
1772932920,+3.49,+16.346,+10.104,+0.902
1772933220,+3.49,+16.329,+10.066,+0.902
1772933520,+3.49,+16.321, +9.984,+0.901
1772933820,+3.49,+16.295, +9.973,+0.902
1772934120,+3.49,+16.304, +9.924,+0.901
1772934420,+3.49,+16.287, +9.916,+0.902
1772934720,+3.49,+16.287, +9.891,+0.902
1772935020,+3.49,+16.270, +9.900,+0.902
1772935320,+3.49,+16.261, +9.833,+0.901
1772935620,+3.49,+16.236, +9.821,+0.902
1772935920,+3.49,+16.236, +9.797,+0.902
1772936220,+3.49,+16.210, +9.745,+0.902
1772936520,+3.49,+16.227, +9.763,+0.902
1772936820,+3.49,+16.210, +9.758,+0.902
1772937120,+3.49,+16.201, +9.727,+0.902
1772937420,+3.49,+16.201, +9.693,+0.902
1772937720,+3.49,+16.167, +8.522,+0.897
1772938020,+3.49,+16.159, +9.403,+0.901
1772938320,+3.49,+16.150, +9.586,+0.901
1772938620,+3.49,+16.133, +9.691,+0.902
1772938920,+3.49,+16.133, +9.707,+0.902
1772939220,+3.49,+16.108, +9.656,+0.902
1772939520,+3.49,+16.108, +9.617,+0.902
1772939820,+3.49,+16.074, +9.560,+0.902
1772940120,+3.49,+16.074, +9.448,+0.902
1772940420,+3.49,+16.056, +9.595,+0.902
1772940720,+3.49,+16.022, +9.579,+0.902
1772941020,+3.49,+16.005, +9.571,+0.902
1772941320,+3.49,+16.014, +9.524,+0.902
1772941620,+3.49,+16.005, +9.549,+0.902
1772941920,+3.49,+15.980, +9.591,+0.902
1772942220,+3.49,+15.963, +9.546,+0.902
1772942520,+3.49,+15.945, +9.597,+0.902
1772942820,+3.49,+15.920, +9.583,+0.902
1772943120,+3.49,+15.928, +9.561,+0.902
1772943420,+3.49,+15.920, +9.562,+0.902
1772943720,+3.49,+15.911, +9.507,+0.902
1772944020,+3.50,+15.894, +9.461,+0.901
1772944320,+3.49,+15.877, +9.412,+0.901
1772944620,+3.50,+15.894, +9.408,+0.902
1772944920,+3.49,+15.851, +9.391,+0.902
1772945220,+3.49,+15.860, +9.344,+0.901
1772945520,+3.49,+15.843, +9.429,+0.902
1772945820,+3.49,+15.817, +9.461,+0.902
1772946120,+3.49,+15.783, +9.430,+0.902
1772946420,+3.49,+15.749, +9.406,+0.902
1772946720,+3.49,+15.766, +9.342,+0.902
1772947020,+3.49,+15.749, +9.288,+0.902
1772947320,+3.49,+15.723, +9.264,+0.901
1772947620,+3.49,+15.715, +9.172,+0.902
1772947920,+3.49,+15.715, +9.135,+0.901
1772948220,+3.49,+15.689, +9.171,+0.902
1772948520,+3.49,+15.689, +9.203,+0.901
1772948820,+3.49,+15.655, +9.202,+0.902
1772949120,+3.49,+15.655, +9.187,+0.902
1772949420,+3.49,+15.646, +9.125,+0.902
1772949720,+3.49,+15.620, +9.020,+0.901
1772950020,+3.49,+15.612, +8.932,+0.901
1772950320,+3.49,+15.612, +8.869,+0.902
1772950620,+3.49,+15.595, +8.933,+0.901
1772950920,+3.49,+15.561, +9.054,+0.902
1772951220,+3.49,+15.569, +9.035,+0.902
1772951520,+3.49,+15.561, +8.924,+0.902
1772951820,+3.49,+15.543, +8.862,+0.901
1772952120,+3.49,+15.543, +8.749,+0.902
1772952420,+3.49,+15.535, +8.813,+0.902
1772952720,+3.49,+15.518, +9.054,+0.902
1772953020,+3.49,+15.509, +8.982,+0.902
1772953320,+3.49,+15.509, +8.903,+0.902
1772953620,+3.49,+15.518, +8.865,+0.902
1772953920,+3.49,+15.501, +8.945,+0.902
1772954220,+3.49,+15.501, +8.936,+0.902
1772954520,+3.49,+15.501, +8.866,+0.902
1772954820,+3.49,+15.501, +8.872,+0.902
1772955120,+3.49,+15.501, +8.836,+0.902
1772955420,+3.49,+15.458, +8.863,+0.902
1772955720,+3.49,+15.458, +8.897,+0.902
1772956020,+3.49,+15.449, +8.896,+0.902
1772956320,+3.49,+15.441, +8.881,+0.902
1772956620,+3.49,+15.441, +8.827,+0.902
1772956920,+3.49,+15.441, +8.829,+0.902
1772957220,+3.49,+15.423, +8.836,+0.901
1772957520,+3.49,+15.415, +8.841,+0.902
1772957820,+3.49,+15.398, +8.760,+0.902
1772958120,+3.49,+15.389, +8.771,+0.902
1772958420,+3.49,+15.381, +8.807,+0.902
1772958720,+3.49,+15.363, +8.895,+0.902
1772959020,+3.49,+15.363, +8.840,+0.902
1772959320,+3.49,+15.355, +8.803,+0.901
1772959620,+3.49,+15.346, +8.757,+0.902
1772959920,+3.49,+15.303, +8.757,+0.902
1772960220,+3.49,+15.303, +8.716,+0.901
1772960520,+3.49,+15.269, +8.683,+0.902
1772960820,+3.49,+15.286, +8.717,+0.902
1772961120,+3.49,+15.269, +8.704,+0.902
1772961420,+3.49,+15.243, +8.583,+0.902
1772961720,+3.49,+15.243, +8.513,+0.902
1772962020,+3.49,+15.209, +8.559,+0.902
1772962320,+3.49,+15.200, +8.479,+0.901
1772962620,+3.49,+15.183, +8.483,+0.901
1772962920,+3.50,+15.157, +8.474,+0.902
1772963220,+3.49,+15.174, +8.570,+0.902
1772963520,+3.50,+15.149, +8.431,+0.902
1772963820,+3.50,+15.123, +8.332,+0.901
1772964120,+3.50,+15.097, +8.441,+0.902
1772964420,+3.50,+15.131, +8.425,+0.902
1772964720,+3.50,+15.097, +8.540,+0.902
1772965020,+3.50,+15.071, +8.519,+0.902
1772965320,+3.50,+15.054, +8.475,+0.902
1772965620,+3.50,+15.054, +8.526,+0.902
1772965920,+3.50,+15.037, +8.521,+0.902
1772966220,+3.50,+15.020, +8.543,+0.902
1772966520,+3.50,+15.020, +8.495,+0.901
1772966820,+3.50,+14.985, +8.363,+0.902
1772967120,+3.50,+14.994, +8.307,+0.902
1772967420,+3.50,+14.959, +8.367,+0.902
1772967720,+3.50,+14.934, +8.437,+0.902
1772968020,+3.50,+14.916, +8.441,+0.902
1772968320,+3.50,+14.908, +8.345,+0.902
1772968620,+3.50,+14.890, +8.328,+0.902
1772968920,+3.50,+14.882, +8.141,+0.902
1772969220,+3.50,+14.873, +8.304,+0.902
1772969520,+3.50,+14.856, +8.377,+0.902
1772969820,+3.50,+14.856, +8.331,+0.901
1772970120,+3.50,+14.839, +8.222,+0.901
1772970420,+3.50,+14.813, +8.214,+0.902
1772970720,+3.50,+14.796, +8.320,+0.901
1772971020,+3.50,+14.796, +8.290,+0.902
1772971320,+3.50,+14.770, +8.357,+0.902
1772971620,+3.50,+14.752, +8.322,+0.902
1772971920,+3.50,+14.727, +8.313,+0.902
1772972220,+3.49,+14.701, +8.343,+0.902
1772972520,+3.49,+14.701, +8.327,+0.902
1772972820,+3.49,+14.666, +8.240,+0.902
1772973120,+3.49,+14.649, +8.290,+0.902
1772973420,+3.49,+14.640, +8.264,+0.901
1772973720,+3.49,+14.632, +8.287,+0.902
1772974020,+3.49,+14.623, +8.216,+0.902
1772974320,+3.49,+14.606, +8.294,+0.902
1772974620,+3.49,+14.588, +8.218,+0.902
1772974920,+3.49,+14.588, +8.193,+0.902
1772975220,+3.49,+14.580, +8.206,+0.902
1772975520,+3.49,+14.537, +8.184,+0.902
1772975820,+3.49,+14.511, +8.215,+0.902
1772976120,+3.49,+14.511, +8.156,+0.902
1772976420,+3.49,+14.493, +8.140,+0.902
1772976720,+3.49,+14.485, +8.105,+0.902
1772977020,+3.49,+14.485, +8.089,+0.902
1772977320,+3.49,+14.476, +8.065,+0.902
1772977620,+3.49,+14.441, +8.167,+0.902
1772977920,+3.49,+14.467, +8.145,+0.902
1772978220,+3.49,+14.398, +8.185,+0.902
1772978520,+3.49,+14.415, +8.126,+0.902
1772978820,+3.49,+14.390, +8.070,+0.902
1772979120,+3.49,+14.381, +8.060,+0.902
1772979420,+3.49,+14.355, +8.043,+0.902
1772979720,+3.49,+14.338, +8.016,+0.902
1772980020,+3.49,+14.346, +7.971,+0.902
1772980320,+3.49,+14.320, +7.770,+0.902
1772980620,+3.49,+14.338, +7.494,+0.902
1772980920,+3.49,+14.312, +7.334,+0.902
1772981220,+3.49,+14.303, +7.670,+0.902
1772981520,+3.49,+14.286, +7.634,+0.902
1772981820,+3.49,+14.268, +7.566,+0.901
1772982120,+3.49,+14.234, +7.536,+0.902
1772982420,+3.49,+14.199, +7.448,+0.902
1772982720,+3.49,+14.182, +7.432,+0.902
1772983020,+3.50,+14.156, +7.455,+0.902
1772983320,+3.49,+14.147, +7.427,+0.902
1772983620,+3.50,+14.138, +7.422,+0.902
1772983920,+3.49,+14.129, +7.394,+0.902
1772984220,+3.49,+14.147, +7.335,+0.902
1772984520,+3.49,+14.164, +7.369,+0.902
1772984820,+3.50,+14.129, +7.398,+0.902
1772985120,+3.49,+14.164, +7.359,+0.902
1772985420,+3.49,+14.156, +7.354,+0.902
1772985720,+3.49,+14.173, +7.351,+0.902
1772986020,+3.49,+14.173, +7.320,+0.902
1772986320,+3.49,+14.190, +7.300,+0.902
1772986620,+3.49,+14.173, +7.332,+0.902
1772986920,+3.49,+14.199, +7.360,+0.903
1772987220,+3.49,+14.190, +7.352,+0.902
1772987520,+3.49,+14.216, +7.331,+0.901
1772987820,+3.49,+14.225, +7.303,+0.902
1772988120,+3.49,+14.225, +7.272,+0.902
1772988420,+3.49,+14.242, +7.331,+0.902
1772988720,+3.49,+14.277, +7.390,+0.902
1772989020,+3.49,+14.268, +7.478,+0.902
1772989320,+3.49,+14.260, +7.476,+0.902
1772989620,+3.49,+14.286, +7.513,+0.902
1772989920,+3.49,+14.303, +7.515,+0.901
1772990220,+3.49,+14.329, +7.555,+0.902
1772990520,+3.49,+14.338, +7.566,+0.902
1772990820,+3.49,+14.338, +7.624,+0.902
1772991120,+3.49,+14.381, +7.640,+0.902
1772991420,+3.49,+14.415, +7.624,+0.902
1772991720,+3.49,+14.424, +7.911,+0.902
1772992020,+3.49,+14.441, +7.937,+0.902
1772992320,+3.49,+14.441, +7.980,+0.902
1772992620,+3.49,+14.493, +8.031,+0.902
1772992920,+3.49,+14.493, +8.087,+0.902
1772993220,+3.49,+14.519, +8.111,+0.902
1772993520,+3.49,+14.580, +8.137,+0.902
1772993820,+3.49,+14.597, +8.130,+0.902
1772994120,+3.49,+14.649, +8.107,+0.902
1772994420,+3.49,+14.683, +8.090,+0.902
1772994720,+3.49,+14.709, +8.340,+0.902
1772995020,+3.50,+14.735, +8.338,+0.902
1772995320,+3.50,+14.735, +8.306,+0.902
1772995620,+3.50,+14.761, +8.324,+0.902
1772995920,+3.50,+14.804, +8.290,+0.902
1772996220,+3.50,+14.839, +8.318,+0.902
1772996520,+3.50,+14.839, +8.381,+0.902
1772996820,+3.50,+14.865, +8.507,+0.902
1772997120,+3.50,+14.899, +8.619,+0.902
1772997420,+3.50,+14.934, +8.749,+0.902
1772997720,+3.50,+14.959, +8.894,+0.902
1772998020,+3.50,+15.002, +8.971,+0.902
1772998320,+3.49,+15.037, +9.064,+0.902
1772998620,+3.49,+15.080, +9.157,+0.902
1772998920,+3.49,+15.097, +9.139,+0.902
1772999220,+3.49,+15.166, +9.046,+0.902
1772999520,+3.49,+15.183, +9.233,+0.902
1772999820,+3.49,+15.235, +9.321,+0.902
1773000120,+3.49,+15.295, +9.526,+0.903
1773000420,+3.49,+15.355, +9.593,+0.902
1773000720,+3.49,+15.355, +9.792,+0.903
1773001020,+3.49,+15.389, +9.792,+0.903
1773001320,+3.49,+15.406, +9.852,+0.902
1773001620,+3.49,+15.483, +9.767,+0.902
1773001920,+3.49,+15.535, +9.762,+0.902
1773002220,+3.49,+15.586, +9.918,+0.902
1773002520,+3.49,+15.629,+10.046,+0.902
1773002820,+3.49,+15.629,+10.088,+0.903
1773003120,+3.49,+15.655,+10.011,+0.902
1773003420,+3.49,+15.663,+10.033,+0.902
1773003720,+3.49,+15.689,+10.350,+0.901
1773004020,+3.49,+15.732,+10.285,+0.901
1773004320,+3.49,+15.775,+10.367,+0.902
1773004620,+3.49,+15.817,+10.389,+0.902
1773004920,+3.50,+15.860,+10.310,+0.902
1773005220,+3.50,+15.894,+10.407,+0.902
1773005520,+3.50,+15.920,+10.447,+0.902
1773005820,+3.50,+15.963,+10.479,+0.902
1773006120,+3.50,+15.997,+10.644,+0.902
1773006420,+3.49,+16.022,+10.546,+0.902
1773006720,+3.49,+16.048,+10.450,+0.902
1773007020,+3.49,+16.074,+10.508,+0.902
1773007320,+3.49,+16.133,+10.453,+0.902
1773007620,+3.49,+16.142,+10.418,+0.902
1773007920,+3.49,+16.201,+10.716,+0.901
1773008220,+3.49,+16.244,+10.541,+0.902
1773008520,+3.49,+16.312,+10.649,+0.902
1773008820,+3.49,+16.338,+10.634,+0.902
1773009120,+3.49,+16.329,+10.737,+0.902
1773009420,+3.49,+16.338,+10.747,+0.902
1773009720,+3.49,+16.380,+10.777,+0.902
1773010020,+3.49,+16.397,+10.832,+0.902
1773010320,+3.49,+16.423,+10.876,+0.901
1773010620,+3.49,+16.440,+10.836,+0.902
1773010920,+3.49,+16.482,+10.850,+0.902
1773011220,+3.49,+16.491,+11.029,+0.902
1773011520,+3.49,+16.491,+11.095,+0.903
1773011820,+3.49,+16.559,+11.003,+0.902
1773012120,+3.49,+16.568,+10.970,+0.902
1773012420,+3.49,+16.585,+10.974,+0.902
1773012720,+3.49,+16.602,+10.841,+0.902
1773013020,+3.49,+16.627,+10.525,+0.901
1773013320,+3.49,+16.653,+10.486,+0.901
1773013620,+3.49,+16.678,+10.466,+0.901
1773013920,+3.49,+16.746,+10.415,+0.901
1773014220,+3.50,+16.941,+10.275,+0.901
1773014520,+3.49,+16.899,+10.085,+0.901
1773014820,+3.49,+16.839,+10.036,+0.901
1773015120,+3.50,+17.094,+10.073,+0.901
1773015420,+3.50,+16.941,+10.591,+0.901
1773015720,+3.49,+16.882,+10.713,+0.901
