7450-213022
OS REV: 1.05 Sensor Cal: 1705524222
Time (sec),  BV (Volts),  T (deg C),  DO (mg/l),  Q ()
1772495820,+3.50,+16.125, +6.062,+0.901
1772496120,+3.50,+16.091, +6.009,+0.900
1772496420,+3.50,+16.116, +5.883,+0.901
1772496720,+3.50,+16.116, +5.800,+0.901
1772497020,+3.50,+16.142, +5.822,+0.900
1772497320,+3.50,+16.108, +5.876,+0.900
1772497620,+3.50,+16.116, +5.858,+0.900
1772497920,+3.50,+16.116, +5.966,+0.900
1772498220,+3.50,+16.125, +6.028,+0.900
1772498520,+3.50,+16.125, +6.034,+0.900
1772498820,+3.50,+16.125, +6.086,+0.900
1772499120,+3.50,+16.116, +6.077,+0.901
1772499420,+3.50,+16.125, +6.098,+0.901
1772499720,+3.50,+16.116, +6.074,+0.900
1772500020,+3.50,+16.116, +5.964,+0.900
1772500320,+3.50,+16.125, +5.955,+0.901
1772500620,+3.50,+16.108, +5.969,+0.900
1772500920,+3.50,+16.108, +5.988,+0.900
1772501220,+3.50,+16.099, +5.985,+0.901
1772501520,+3.50,+16.116, +5.941,+0.901
1772501820,+3.50,+16.108, +5.992,+0.900
1772502120,+3.50,+16.091, +5.981,+0.900
1772502420,+3.50,+16.099, +5.883,+0.900
1772502720,+3.50,+16.125, +5.821,+0.901
1772503020,+3.50,+16.116, +5.862,+0.901
1772503320,+3.50,+16.108, +5.923,+0.901
1772503620,+3.50,+16.116, +5.915,+0.901
1772503920,+3.50,+16.125, +5.823,+0.901
1772504220,+3.50,+16.108, +5.755,+0.901
1772504520,+3.50,+16.125, +5.847,+0.901
1772504820,+3.50,+16.125, +5.972,+0.901
1772505120,+3.50,+16.133, +6.036,+0.900
1772505420,+3.50,+16.142, +5.997,+0.901
1772505720,+3.50,+16.125, +5.896,+0.901
1772506020,+3.50,+16.150, +6.088,+0.900
1772506320,+3.50,+16.176, +6.273,+0.901
1772506620,+3.50,+16.184, +6.341,+0.900
1772506920,+3.50,+16.193, +6.170,+0.900
1772507220,+3.50,+16.193, +6.203,+0.900
1772507520,+3.50,+16.167, +6.243,+0.901
1772507820,+3.50,+16.176, +6.164,+0.901
1772508120,+3.50,+16.167, +6.103,+0.900
1772508420,+3.50,+16.150, +5.891,+0.901
1772508720,+3.50,+16.159, +5.880,+0.900
1772509020,+3.50,+16.142, +5.740,+0.901
1772509320,+3.50,+16.133, +5.613,+0.901
1772509620,+3.50,+16.167, +5.503,+0.901
1772509920,+3.50,+16.150, +5.418,+0.901
1772510220,+3.50,+16.176, +5.337,+0.901
1772510520,+3.50,+16.159, +5.213,+0.901
1772510820,+3.50,+16.159, +5.204,+0.901
1772511120,+3.50,+16.159, +5.092,+0.900
1772511420,+3.50,+16.159, +5.005,+0.901
1772511720,+3.50,+16.150, +4.930,+0.900
1772512020,+3.50,+16.150, +4.825,+0.901
1772512320,+3.50,+16.150, +4.919,+0.901
1772512620,+3.50,+16.159, +5.019,+0.900
1772512920,+3.50,+16.150, +5.009,+0.901
1772513220,+3.50,+16.167, +5.018,+0.900
1772513520,+3.50,+16.150, +5.194,+0.901
1772513820,+3.50,+16.167, +5.504,+0.901
1772514120,+3.50,+16.159, +5.519,+0.901
1772514420,+3.50,+16.167, +5.460,+0.901
1772514720,+3.50,+16.176, +5.324,+0.900
1772515020,+3.50,+16.167, +5.236,+0.901
1772515320,+3.50,+16.176, +5.201,+0.901
1772515620,+3.50,+16.159, +5.140,+0.901
1772515920,+3.50,+16.184, +5.057,+0.901
1772516220,+3.50,+16.150, +5.090,+0.901
1772516520,+3.50,+16.184, +4.988,+0.901
1772516820,+3.50,+16.201, +5.063,+0.900
1772517120,+3.50,+16.210, +5.561,+0.900
1772517420,+3.50,+16.184, +5.544,+0.901
1772517720,+3.50,+16.184, +5.590,+0.900
1772518020,+3.50,+16.201, +5.477,+0.900
1772518320,+3.50,+16.201, +5.503,+0.901
1772518620,+3.50,+16.218, +5.592,+0.901
1772518920,+3.50,+16.210, +5.767,+0.900
1772519220,+3.50,+16.244, +6.063,+0.900
1772519520,+3.50,+16.218, +6.301,+0.901
1772519820,+3.50,+16.227, +6.383,+0.900
1772520120,+3.50,+16.227, +6.496,+0.900
1772520420,+3.50,+16.236, +6.622,+0.901
1772520720,+3.50,+16.218, +6.741,+0.901
1772521020,+3.50,+16.210, +6.633,+0.900
1772521320,+3.50,+16.218, +6.528,+0.901
1772521620,+3.50,+16.218, +6.716,+0.900
1772521920,+3.50,+16.218, +6.851,+0.901
1772522220,+3.50,+16.218, +6.880,+0.900
1772522520,+3.50,+16.227, +6.967,+0.901
1772522820,+3.50,+16.236, +7.080,+0.901
1772523120,+3.50,+16.218, +6.944,+0.900
1772523420,+3.50,+16.218, +6.979,+0.900
1772523720,+3.50,+16.218, +7.115,+0.901
1772524020,+3.50,+16.227, +7.115,+0.901
1772524320,+3.50,+16.244, +7.105,+0.900
1772524620,+3.50,+16.253, +7.160,+0.901
1772524920,+3.50,+16.236, +7.130,+0.900
1772525220,+3.50,+16.201, +7.162,+0.901
1772525520,+3.50,+16.201, +7.100,+0.901
1772525820,+3.50,+16.210, +7.156,+0.900
1772526120,+3.50,+16.176, +7.099,+0.901
1772526420,+3.50,+16.184, +7.127,+0.901
1772526720,+3.50,+16.159, +7.062,+0.900
1772527020,+3.50,+16.167, +7.000,+0.901
1772527320,+3.50,+16.150, +7.048,+0.901
1772527620,+3.50,+16.159, +7.009,+0.901
1772527920,+3.50,+16.150, +6.958,+0.901
1772528220,+3.50,+16.133, +6.941,+0.901
1772528520,+3.50,+16.133, +6.909,+0.901
1772528820,+3.50,+16.133, +6.891,+0.900
1772529120,+3.50,+16.142, +6.948,+0.901
1772529420,+3.50,+16.142, +6.886,+0.900
1772529720,+3.50,+16.142, +6.861,+0.901
1772530020,+3.50,+16.142, +6.845,+0.901
1772530320,+3.50,+16.125, +6.967,+0.901
1772530620,+3.50,+16.125, +6.962,+0.900
1772530920,+3.50,+16.108, +7.015,+0.900
1772531220,+3.50,+16.099, +7.097,+0.900
1772531520,+3.50,+16.108, +7.086,+0.901
1772531820,+3.50,+16.116, +7.050,+0.900
1772532120,+3.50,+16.108, +7.138,+0.900
1772532420,+3.50,+16.074, +7.201,+0.901
1772532720,+3.50,+16.056, +7.231,+0.901
1772533020,+3.50,+16.056, +7.232,+0.901
1772533320,+3.50,+16.065, +7.188,+0.901
1772533620,+3.50,+16.031, +7.213,+0.901
1772533920,+3.50,+16.048, +7.177,+0.901
1772534220,+3.50,+16.031, +7.115,+0.901
1772534520,+3.50,+16.031, +7.114,+0.901
1772534820,+3.50,+16.022, +7.175,+0.901
1772535120,+3.50,+16.005, +7.125,+0.901
1772535420,+3.50,+15.988, +7.059,+0.901
1772535720,+3.50,+15.963, +7.098,+0.901
1772536020,+3.50,+15.954, +7.115,+0.901
1772536320,+3.50,+15.937, +7.129,+0.901
1772536620,+3.50,+15.903, +7.113,+0.900
1772536920,+3.50,+15.894, +7.134,+0.901
1772537220,+3.50,+15.886, +7.103,+0.901
1772537520,+3.50,+15.886, +7.086,+0.901
1772537820,+3.50,+15.877, +7.112,+0.901
1772538120,+3.50,+15.877, +7.083,+0.901
1772538420,+3.50,+15.860, +7.100,+0.900
1772538720,+3.50,+15.843, +7.084,+0.901
1772539020,+3.50,+15.843, +7.033,+0.901
1772539320,+3.50,+15.834, +7.012,+0.901
1772539620,+3.50,+15.834, +6.936,+0.901
1772539920,+3.50,+15.817, +7.012,+0.900
1772540220,+3.50,+15.792, +6.990,+0.901
1772540520,+3.50,+15.809, +6.957,+0.901
1772540820,+3.50,+15.792, +6.910,+0.901
1772541120,+3.50,+15.775, +6.992,+0.901
1772541420,+3.50,+15.775, +6.924,+0.901
1772541720,+3.49,+15.775, +6.922,+0.901
1772542020,+3.50,+15.775, +6.960,+0.901
1772542320,+3.49,+15.749, +6.971,+0.901
1772542620,+3.49,+15.715, +7.001,+0.901
1772542920,+3.49,+15.706, +6.920,+0.901
1772543220,+3.49,+15.698, +6.955,+0.901
1772543520,+3.49,+15.672, +6.958,+0.901
1772543820,+3.50,+15.689, +6.976,+0.901
1772544120,+3.50,+15.680, +6.968,+0.901
1772544420,+3.49,+15.663, +6.959,+0.901
1772544720,+3.49,+15.672, +6.932,+0.901
1772545020,+3.49,+15.672, +6.853,+0.901
1772545320,+3.49,+15.689, +6.921,+0.901
1772545620,+3.49,+15.689, +6.945,+0.901
1772545920,+3.49,+15.672, +6.955,+0.901
1772546220,+3.49,+15.672, +6.872,+0.901
1772546520,+3.49,+15.663, +6.889,+0.901
1772546820,+3.49,+15.655, +6.903,+0.901
1772547120,+3.49,+15.655, +6.890,+0.901
1772547420,+3.49,+15.638, +6.839,+0.901
1772547720,+3.49,+15.663, +6.850,+0.900
1772548020,+3.49,+15.672, +6.853,+0.901
1772548320,+3.49,+15.638, +6.804,+0.901
1772548620,+3.49,+15.655, +6.741,+0.901
1772548920,+3.49,+15.638, +6.685,+0.901
1772549220,+3.49,+15.646, +6.643,+0.901
1772549520,+3.49,+15.629, +6.635,+0.901
1772549820,+3.50,+15.612, +6.621,+0.901
1772550120,+3.49,+15.620, +6.645,+0.901
1772550420,+3.49,+15.586, +6.703,+0.901
1772550720,+3.49,+15.603, +6.764,+0.901
1772551020,+3.49,+15.595, +6.773,+0.901
1772551320,+3.49,+15.595, +6.743,+0.901
1772551620,+3.49,+15.578, +6.786,+0.901
1772551920,+3.49,+15.586, +6.747,+0.901
1772552220,+3.49,+15.595, +6.708,+0.901
1772552520,+3.49,+15.603, +6.650,+0.901
1772552820,+3.49,+15.603, +6.602,+0.901
1772553120,+3.49,+15.586, +6.631,+0.901
1772553420,+3.49,+15.578, +6.685,+0.901
1772553720,+3.49,+15.586, +6.707,+0.901
1772554020,+3.49,+15.603, +6.674,+0.901
1772554320,+3.49,+15.595, +6.624,+0.901
1772554620,+3.49,+15.569, +6.560,+0.901
1772554920,+3.49,+15.552, +6.538,+0.901
1772555220,+3.49,+15.543, +6.568,+0.901
1772555520,+3.50,+15.526, +6.544,+0.901
1772555820,+3.50,+15.518, +6.635,+0.901
1772556120,+3.50,+15.535, +6.599,+0.901
1772556420,+3.49,+15.526, +6.637,+0.901
1772556720,+3.49,+15.526, +6.673,+0.902
1772557020,+3.50,+15.526, +6.681,+0.901
1772557320,+3.50,+15.526, +6.643,+0.901
1772557620,+3.50,+15.526, +6.656,+0.901
1772557920,+3.49,+15.543, +6.644,+0.901
1772558220,+3.49,+15.535, +6.815,+0.901
1772558520,+3.49,+15.543, +6.858,+0.900
1772558820,+3.49,+15.543, +6.812,+0.901
1772559120,+3.49,+15.535, +6.755,+0.901
1772559420,+3.49,+15.552, +6.717,+0.901
1772559720,+3.49,+15.543, +6.632,+0.901
1772560020,+3.50,+15.543, +6.677,+0.901
1772560320,+3.49,+15.552, +6.697,+0.901
1772560620,+3.49,+15.561, +6.736,+0.901
1772560920,+3.50,+15.552, +6.701,+0.901
1772561220,+3.49,+15.552, +6.705,+0.901
1772561520,+3.49,+15.561, +6.515,+0.901
1772561820,+3.49,+15.552, +6.515,+0.901
1772562120,+3.49,+15.578, +6.204,+0.900
1772562420,+3.49,+15.578, +6.217,+0.901
1772562720,+3.49,+15.578, +6.172,+0.901
1772563020,+3.49,+15.595, +6.254,+0.901
1772563320,+3.49,+15.586, +6.359,+0.901
1772563620,+3.49,+15.612, +6.478,+0.901
1772563920,+3.49,+15.603, +6.635,+0.902
1772564220,+3.49,+15.629, +6.719,+0.901
1772564520,+3.49,+15.655, +6.777,+0.901
1772564820,+3.49,+15.646, +6.898,+0.901
1772565120,+3.49,+15.655, +6.921,+0.901
1772565420,+3.49,+15.655, +6.908,+0.901
1772565720,+3.49,+15.655, +6.878,+0.901
1772566020,+3.49,+15.672, +6.828,+0.901
1772566320,+3.49,+15.698, +6.885,+0.901
1772566620,+3.49,+15.680, +6.864,+0.901
1772566920,+3.49,+15.706, +6.797,+0.901
1772567220,+3.49,+15.706, +6.762,+0.901
1772567520,+3.49,+15.723, +6.772,+0.901
1772567820,+3.49,+15.732, +6.759,+0.901
1772568120,+3.49,+15.723, +6.751,+0.901
1772568420,+3.49,+15.740, +6.669,+0.901
1772568720,+3.49,+15.715, +6.676,+0.901
1772569020,+3.49,+15.732, +6.669,+0.901
1772569320,+3.49,+15.749, +6.604,+0.901
1772569620,+3.49,+15.740, +6.538,+0.900
1772569920,+3.49,+15.757, +6.472,+0.901
1772570220,+3.49,+15.757, +6.508,+0.901
1772570520,+3.49,+15.749, +6.519,+0.901
1772570820,+3.49,+15.749, +6.628,+0.901
1772571120,+3.49,+15.757, +6.722,+0.901
1772571420,+3.49,+15.757, +6.847,+0.901
1772571720,+3.49,+15.766, +6.842,+0.901
1772572020,+3.49,+15.766, +6.841,+0.901
1772572320,+3.49,+15.757, +6.776,+0.901
1772572620,+3.49,+15.775, +6.766,+0.900
1772572920,+3.49,+15.766, +6.803,+0.900
1772573220,+3.49,+15.757, +6.788,+0.901
1772573520,+3.50,+15.766, +6.779,+0.901
1772573820,+3.50,+15.775, +6.844,+0.901
1772574120,+3.50,+15.783, +6.828,+0.901
1772574420,+3.50,+15.809, +6.839,+0.901
1772574720,+3.50,+15.809, +6.822,+0.901
1772575020,+3.50,+15.792, +6.758,+0.901
1772575320,+3.50,+15.792, +6.636,+0.901
1772575620,+3.50,+15.817, +6.507,+0.901
1772575920,+3.50,+15.792, +6.352,+0.901
1772576220,+3.50,+15.800, +6.381,+0.900
1772576520,+3.50,+15.817, +6.382,+0.901
1772576820,+3.50,+15.809, +6.377,+0.901
1772577120,+3.50,+15.826, +6.390,+0.901
1772577420,+3.50,+15.809, +6.334,+0.901
1772577720,+3.50,+15.817, +6.205,+0.900
1772578020,+3.50,+15.817, +6.191,+0.900
1772578320,+3.50,+15.809, +6.546,+0.901
1772578620,+3.50,+15.843, +6.675,+0.901
1772578920,+3.50,+15.826, +6.641,+0.901
1772579220,+3.50,+15.826, +6.616,+0.901
1772579520,+3.50,+15.817, +6.617,+0.901
1772579820,+3.50,+15.817, +6.571,+0.901
1772580120,+3.50,+15.809, +6.541,+0.900
1772580420,+3.50,+15.834, +6.535,+0.901
1772580720,+3.50,+15.843, +6.488,+0.901
1772581020,+3.50,+15.860, +6.465,+0.901
1772581320,+3.50,+15.843, +6.364,+0.900
1772581620,+3.50,+15.826, +6.489,+0.901
1772581920,+3.50,+15.817, +6.496,+0.901
1772582220,+3.50,+15.826, +6.470,+0.901
