7450-340250
OS REV: 1.05 Sensor Cal: 1705524272
Time (sec),  BV (Volts),  T (deg C),  DO (mg/l),  Q ()
1766438760,+3.48,+13.101, +6.228,+0.971
1766439060,+3.48,+13.101, +6.234,+0.971
1766439360,+3.48,+13.084, +6.242,+0.971
1766439660,+3.48,+13.101, +6.249,+0.971
1766439960,+3.48,+13.128, +6.245,+0.971
1766440260,+3.48,+13.110, +6.268,+0.972
1766440560,+3.48,+13.101, +6.270,+0.971
1766440860,+3.48,+13.110, +6.276,+0.972
1766441160,+3.48,+13.092, +6.285,+0.972
1766441460,+3.48,+13.101, +6.284,+0.972
1766441760,+3.48,+13.110, +6.281,+0.971
1766442060,+3.48,+13.119, +6.286,+0.971
1766442360,+3.48,+13.110, +6.301,+0.972
1766442660,+3.48,+13.119, +6.300,+0.972
1766442960,+3.48,+13.119, +6.301,+0.972
1766443260,+3.48,+13.136, +6.300,+0.972
1766443560,+3.48,+13.136, +6.307,+0.971
1766443860,+3.48,+13.145, +6.310,+0.972
1766444160,+3.48,+13.119, +6.318,+0.972
1766444460,+3.48,+13.136, +6.321,+0.972
1766444760,+3.48,+13.119, +6.329,+0.972
1766445060,+3.48,+13.119, +6.322,+0.971
1766445360,+3.48,+13.145, +6.321,+0.971
1766445660,+3.48,+13.136, +6.336,+0.971
1766445960,+3.48,+13.128, +6.342,+0.971
1766446260,+3.48,+13.145, +6.343,+0.972
1766446560,+3.48,+13.145, +6.347,+0.971
1766446860,+3.48,+13.119, +6.361,+0.972
1766447160,+3.48,+13.119, +6.370,+0.972
1766447460,+3.48,+13.136, +6.359,+0.971
1766447760,+3.48,+13.128, +6.370,+0.972
1766448060,+3.48,+13.128, +6.373,+0.971
1766448360,+3.48,+13.128, +6.381,+0.972
1766448660,+3.48,+13.119, +6.380,+0.971
1766448960,+3.48,+13.128, +6.384,+0.972
1766449260,+3.48,+13.110, +6.388,+0.972
1766449560,+3.48,+13.092, +6.379,+0.971
1766449860,+3.48,+13.110, +6.374,+0.971
1766450160,+3.48,+13.101, +6.381,+0.972
1766450460,+3.48,+13.075, +6.401,+0.971
1766450760,+3.48,+13.084, +6.391,+0.972
1766451060,+3.48,+13.066, +6.401,+0.971
1766451360,+3.48,+13.075, +6.401,+0.971
1766451660,+3.48,+13.057, +6.412,+0.972
1766451960,+3.49,+13.049, +6.406,+0.972
1766452260,+3.48,+13.066, +6.407,+0.971
1766452560,+3.49,+13.040, +6.412,+0.972
1766452860,+3.48,+13.031, +6.409,+0.971
1766453160,+3.49,+13.022, +6.413,+0.971
1766453460,+3.49,+13.031, +6.415,+0.971
1766453760,+3.49,+13.013, +6.413,+0.971
1766454060,+3.49,+12.987, +6.425,+0.971
1766454360,+3.49,+12.978, +6.432,+0.971
1766454660,+3.49,+12.996, +6.429,+0.972
1766454960,+3.49,+12.978, +6.420,+0.971
1766455260,+3.49,+12.943, +6.430,+0.972
1766455560,+3.49,+12.943, +6.427,+0.972
1766455860,+3.49,+12.926, +6.429,+0.972
1766456160,+3.49,+12.926, +6.419,+0.971
1766456460,+3.49,+12.934, +6.423,+0.972
1766456760,+3.49,+12.917, +6.424,+0.971
1766457060,+3.49,+12.908, +6.418,+0.971
1766457360,+3.49,+12.899, +6.416,+0.971
1766457660,+3.49,+12.908, +6.416,+0.972
1766457960,+3.49,+12.873, +6.428,+0.972
1766458260,+3.49,+12.873, +6.416,+0.971
1766458560,+3.49,+12.855, +6.426,+0.972
1766458860,+3.49,+12.855, +6.420,+0.971
1766459160,+3.49,+12.838, +6.416,+0.971
1766459460,+3.49,+12.838, +6.410,+0.971
1766459760,+3.49,+12.820, +6.409,+0.972
1766460060,+3.49,+12.820, +6.417,+0.972
1766460360,+3.49,+12.820, +6.405,+0.972
1766460660,+3.49,+12.794, +6.403,+0.972
1766460960,+3.49,+12.794, +6.403,+0.971
1766461260,+3.49,+12.802, +6.404,+0.972
1766461560,+3.49,+12.767, +6.408,+0.972
1766461860,+3.49,+12.758, +6.412,+0.972
1766462160,+3.49,+12.758, +6.400,+0.972
1766462460,+3.49,+12.758, +6.395,+0.972
1766462760,+3.49,+12.741, +6.396,+0.972
1766463060,+3.49,+12.732, +6.405,+0.972
1766463360,+3.49,+12.723, +6.392,+0.972
1766463660,+3.49,+12.714, +6.394,+0.972
1766463960,+3.49,+12.697, +6.396,+0.972
1766464260,+3.49,+12.688, +6.402,+0.972
1766464560,+3.49,+12.679, +6.389,+0.972
1766464860,+3.49,+12.679, +6.383,+0.972
1766465160,+3.49,+12.679, +6.386,+0.972
1766465460,+3.49,+12.679, +6.385,+0.972
1766465760,+3.49,+12.653, +6.385,+0.972
1766466060,+3.49,+12.644, +6.383,+0.972
1766466360,+3.49,+12.670, +6.372,+0.971
1766466660,+3.49,+12.635, +6.373,+0.972
1766466960,+3.49,+12.635, +6.373,+0.971
1766467260,+3.49,+12.626, +6.381,+0.972
1766467560,+3.49,+12.617, +6.381,+0.972
1766467860,+3.49,+12.617, +6.383,+0.972
1766468160,+3.49,+12.617, +6.375,+0.972
1766468460,+3.49,+12.600, +6.379,+0.972
1766468760,+3.49,+12.600, +6.372,+0.972
1766469060,+3.49,+12.600, +6.375,+0.972
1766469360,+3.49,+12.591, +6.374,+0.972
1766469660,+3.49,+12.582, +6.378,+0.972
1766469960,+3.49,+12.564, +6.377,+0.972
1766470260,+3.49,+12.564, +6.381,+0.972
1766470560,+3.49,+12.564, +6.375,+0.972
1766470860,+3.49,+12.547, +6.383,+0.972
1766471160,+3.49,+12.556, +6.373,+0.972
1766471460,+3.49,+12.547, +6.371,+0.972
1766471760,+3.49,+12.538, +6.375,+0.972
1766472060,+3.49,+12.520, +6.377,+0.972
1766472360,+3.49,+12.529, +6.373,+0.972
1766472660,+3.49,+12.547, +6.367,+0.972
1766472960,+3.49,+12.529, +6.376,+0.972
1766473260,+3.49,+12.529, +6.368,+0.972
1766473560,+3.49,+12.512, +6.376,+0.972
1766473860,+3.49,+12.512, +6.377,+0.972
1766474160,+3.49,+12.503, +6.390,+0.972
1766474460,+3.49,+12.503, +6.376,+0.972
1766474760,+3.49,+12.494, +6.383,+0.972
1766475060,+3.49,+12.494, +6.380,+0.972
1766475360,+3.49,+12.485, +6.372,+0.971
1766475660,+3.49,+12.494, +6.380,+0.972
1766475960,+3.49,+12.494, +6.376,+0.972
1766476260,+3.49,+12.476, +6.378,+0.971
1766476560,+3.49,+12.476, +6.379,+0.972
1766476860,+3.49,+12.485, +6.377,+0.972
1766477160,+3.49,+12.458, +6.378,+0.972
1766477460,+3.49,+12.485, +6.377,+0.972
1766477760,+3.49,+12.476, +6.376,+0.972
1766478060,+3.49,+12.467, +6.378,+0.972
1766478360,+3.49,+12.458, +6.379,+0.972
1766478660,+3.49,+12.450, +6.382,+0.972
1766478960,+3.49,+12.450, +6.384,+0.972
1766479260,+3.49,+12.450, +6.384,+0.972
1766479560,+3.49,+12.441, +6.388,+0.972
1766479860,+3.49,+12.441, +6.388,+0.972
1766480160,+3.49,+12.441, +6.384,+0.972
1766480460,+3.49,+12.450, +6.382,+0.972
1766480760,+3.49,+12.432, +6.393,+0.972
1766481060,+3.49,+12.441, +6.383,+0.972
1766481360,+3.49,+12.458, +6.379,+0.972
1766481660,+3.49,+12.441, +6.385,+0.972
1766481960,+3.49,+12.441, +6.380,+0.972
1766482260,+3.49,+12.450, +6.383,+0.972
1766482560,+3.49,+12.423, +6.388,+0.972
1766482860,+3.49,+12.458, +6.366,+0.971
1766483160,+3.49,+12.432, +6.382,+0.972
1766483460,+3.49,+12.441, +6.378,+0.972
1766483760,+3.49,+12.432, +6.381,+0.972
1766484060,+3.49,+12.441, +6.369,+0.972
1766484360,+3.49,+12.432, +6.372,+0.972
1766484660,+3.49,+12.441, +6.378,+0.972
1766484960,+3.49,+12.432, +6.376,+0.972
1766485260,+3.49,+12.450, +6.365,+0.971
1766485560,+3.49,+12.450, +6.360,+0.971
1766485860,+3.49,+12.432, +6.364,+0.971
1766486160,+3.49,+12.450, +6.369,+0.972
1766486460,+3.49,+12.441, +6.374,+0.972
1766486760,+3.49,+12.458, +6.354,+0.972
1766487060,+3.49,+12.458, +6.364,+0.972
1766487360,+3.49,+12.485, +6.353,+0.972
1766487660,+3.49,+12.458, +6.364,+0.972
1766487960,+3.49,+12.458, +6.358,+0.972
1766488260,+3.49,+12.467, +6.343,+0.971
1766488560,+3.49,+12.494, +6.344,+0.972
1766488860,+3.49,+12.467, +6.341,+0.972
1766489160,+3.49,+12.485, +6.332,+0.972
1766489460,+3.49,+12.467, +6.330,+0.971
1766489760,+3.49,+12.485, +6.333,+0.972
1766490060,+3.49,+12.476, +6.331,+0.972
1766490360,+3.49,+12.494, +6.332,+0.972
1766490660,+3.49,+12.503, +6.317,+0.971
1766490960,+3.49,+12.485, +6.325,+0.972
1766491260,+3.49,+12.512, +6.304,+0.971
1766491560,+3.49,+12.520, +6.299,+0.971
1766491860,+3.49,+12.538, +6.295,+0.971
1766492160,+3.49,+12.520, +6.297,+0.972
1766492460,+3.49,+12.538, +6.289,+0.972
1766492760,+3.49,+12.538, +6.281,+0.971
1766493060,+3.49,+12.547, +6.279,+0.972
1766493360,+3.49,+12.547, +6.278,+0.972
1766493660,+3.49,+12.556, +6.268,+0.972
1766493960,+3.49,+12.547, +6.267,+0.971
1766494260,+3.49,+12.547, +6.269,+0.972
1766494560,+3.49,+12.564, +6.265,+0.971
1766494860,+3.49,+12.564, +6.266,+0.972
1766495160,+3.49,+12.573, +6.256,+0.971
1766495460,+3.49,+12.591, +6.254,+0.972
1766495760,+3.49,+12.573, +6.254,+0.972
1766496060,+3.49,+12.609, +6.246,+0.972
1766496360,+3.49,+12.617, +6.238,+0.971
1766496660,+3.49,+12.600, +6.229,+0.971
1766496960,+3.49,+12.609, +6.224,+0.972
1766497260,+3.49,+12.617, +6.205,+0.971
1766497560,+3.49,+12.635, +6.194,+0.971
1766497860,+3.49,+12.626, +6.183,+0.971
1766498160,+3.49,+12.635, +6.178,+0.971
1766498460,+3.49,+12.617, +6.179,+0.972
1766498760,+3.49,+12.635, +6.161,+0.971
1766499060,+3.49,+12.653, +6.149,+0.971
1766499360,+3.49,+12.635, +6.144,+0.972
1766499660,+3.49,+12.653, +6.124,+0.971
1766499960,+3.49,+12.653, +6.113,+0.971
1766500260,+3.49,+12.662, +6.096,+0.971
1766500560,+3.49,+12.662, +6.089,+0.971
1766500860,+3.49,+12.688, +6.080,+0.972
1766501160,+3.49,+12.662, +6.075,+0.971
1766501460,+3.49,+12.653, +6.076,+0.972
1766501760,+3.49,+12.670, +6.065,+0.971
1766502060,+3.49,+12.688, +6.048,+0.971
1766502360,+3.49,+12.706, +6.035,+0.972
1766502660,+3.49,+12.697, +6.020,+0.971
1766502960,+3.49,+12.670, +6.017,+0.972
1766503260,+3.49,+12.697, +6.004,+0.971
1766503560,+3.49,+12.697, +6.004,+0.972
1766503860,+3.49,+12.714, +5.987,+0.972
1766504160,+3.49,+12.697, +5.982,+0.972
1766504460,+3.49,+12.706, +5.970,+0.972
1766504760,+3.49,+12.714, +5.951,+0.972
1766505060,+3.49,+12.706, +5.944,+0.972
1766505360,+3.49,+12.706, +5.935,+0.971
1766505660,+3.49,+12.723, +5.923,+0.971
1766505960,+3.49,+12.714, +5.920,+0.972
1766506260,+3.49,+12.723, +5.918,+0.972
1766506560,+3.49,+12.732, +5.895,+0.971
1766506860,+3.49,+12.723, +5.889,+0.971
1766507160,+3.49,+12.723, +5.888,+0.971
1766507460,+3.49,+12.732, +5.879,+0.971
1766507760,+3.49,+12.732, +5.874,+0.972
1766508060,+3.49,+12.741, +5.871,+0.971
1766508360,+3.49,+12.732, +5.874,+0.972
1766508660,+3.49,+12.741, +5.865,+0.971
1766508960,+3.49,+12.741, +5.862,+0.972
1766509260,+3.49,+12.750, +5.842,+0.971
1766509560,+3.49,+12.758, +5.826,+0.971
1766509860,+3.49,+12.741, +5.826,+0.972
1766510160,+3.49,+12.741, +5.822,+0.972
1766510460,+3.49,+12.741, +5.807,+0.971
1766510760,+3.49,+12.767, +5.804,+0.972
1766511060,+3.49,+12.750, +5.747,+0.971
1766511360,+3.49,+12.767, +5.646,+0.971
1766511660,+3.49,+12.758, +5.649,+0.971
1766511960,+3.49,+12.758, +5.654,+0.972
1766512260,+3.49,+12.767, +5.659,+0.972
1766512560,+3.49,+12.785, +5.646,+0.972
1766512860,+3.49,+12.776, +5.666,+0.972
1766513160,+3.49,+12.785, +5.677,+0.972
1766513460,+3.49,+12.776, +5.678,+0.971
1766513760,+3.49,+12.767, +5.698,+0.972
1766514060,+3.49,+12.758, +5.700,+0.972
1766514360,+3.49,+12.785, +5.696,+0.972
1766514660,+3.49,+12.785, +5.683,+0.971
1766514960,+3.49,+12.776, +5.683,+0.971
1766515260,+3.49,+12.802, +5.663,+0.971
1766515560,+3.49,+12.811, +5.652,+0.971
1766515860,+3.49,+12.794, +5.653,+0.972
1766516160,+3.49,+12.802, +5.638,+0.972
1766516460,+3.49,+12.811, +5.635,+0.971
1766516760,+3.49,+12.811, +5.644,+0.972
1766517060,+3.49,+12.794, +5.659,+0.972
1766517360,+3.49,+12.811, +5.647,+0.971
1766517660,+3.49,+12.820, +5.642,+0.971
1766517960,+3.49,+12.811, +5.658,+0.972
1766518260,+3.49,+12.846, +5.673,+0.972
1766518560,+3.49,+12.811, +5.690,+0.971
1766518860,+3.49,+12.838, +5.685,+0.972
1766519160,+3.49,+12.838, +5.695,+0.972
1766519460,+3.49,+12.855, +5.690,+0.971
1766519760,+3.49,+12.838, +5.697,+0.971
1766520060,+3.49,+12.829, +5.702,+0.972
1766520360,+3.49,+12.846, +5.710,+0.971
1766520660,+3.49,+12.846, +5.721,+0.971
1766520960,+3.49,+12.820, +5.731,+0.972
1766521260,+3.49,+12.846, +5.743,+0.971
1766521560,+3.49,+12.846, +5.735,+0.971
1766521860,+3.49,+12.855, +5.762,+0.972
1766522160,+3.49,+12.846, +5.773,+0.972
1766522460,+3.49,+12.864, +5.781,+0.972
1766522760,+3.49,+12.864, +5.776,+0.971
1766523060,+3.49,+12.873, +5.789,+0.972
1766523360,+3.49,+12.873, +5.791,+0.972
1766523660,+3.49,+12.873, +5.799,+0.971
1766523960,+3.49,+12.873, +5.818,+0.972
1766524260,+3.49,+12.873, +5.819,+0.971
1766524560,+3.49,+12.882, +5.837,+0.972
1766524860,+3.49,+12.890, +5.843,+0.971
1766525160,+3.49,+12.873, +5.860,+0.972
