7450-340250
OS REV: 1.05 Sensor Cal: 1705524272
Time (sec),  BV (Volts),  T (deg C),  DO (mg/l),  Q ()
1773808260,+3.51,+20.663, +0.048,+0.949
1773808560,+3.51,+20.655, +0.048,+0.949
1773808860,+3.52,+20.655, +0.047,+0.949
1773809160,+3.51,+20.680, +0.048,+0.949
1773809460,+3.52,+20.646, +0.048,+0.949
1773809760,+3.51,+20.671, +0.048,+0.949
1773810060,+3.52,+20.655, +0.047,+0.949
1773810360,+3.52,+20.655, +0.048,+0.949
1773810660,+3.52,+20.646, +0.048,+0.949
1773810960,+3.52,+20.638, +0.048,+0.949
1773811260,+3.52,+20.638, +0.048,+0.949
1773811560,+3.52,+20.638, +0.048,+0.949
1773811860,+3.52,+20.621, +0.048,+0.949
1773812160,+3.52,+20.638, +0.047,+0.949
1773812460,+3.52,+20.629, +0.048,+0.949
1773812760,+3.52,+20.663, +0.048,+0.949
1773813060,+3.52,+20.671, +0.048,+0.949
1773813360,+3.52,+20.671, +0.048,+0.949
1773813660,+3.52,+20.671, +0.048,+0.949
1773813960,+3.52,+20.663, +0.048,+0.949
1773814260,+3.52,+20.646, +0.048,+0.949
1773814560,+3.52,+20.663, +0.047,+0.949
1773814860,+3.52,+20.671, +0.048,+0.949
1773815160,+3.52,+20.671, +0.048,+0.949
1773815460,+3.52,+20.671, +0.048,+0.949
1773815760,+3.52,+20.671, +0.048,+0.949
1773816060,+3.52,+20.680, +0.047,+0.949
1773816360,+3.52,+20.671, +0.047,+0.949
1773816660,+3.52,+20.680, +0.048,+0.949
1773816960,+3.52,+20.680, +0.048,+0.949
1773817260,+3.52,+20.688, +0.047,+0.949
1773817560,+3.52,+20.671, +0.048,+0.949
1773817860,+3.52,+20.680, +0.047,+0.949
1773818160,+3.52,+20.671, +0.047,+0.949
1773818460,+3.52,+20.646, +0.048,+0.949
1773818760,+3.52,+20.646, +0.048,+0.949
1773819060,+3.52,+20.671, +0.048,+0.949
1773819360,+3.52,+20.671, +0.048,+0.949
1773819660,+3.52,+20.680, +0.048,+0.949
1773819960,+3.52,+20.671, +0.047,+0.949
1773820260,+3.52,+20.680, +0.047,+0.949
1773820560,+3.52,+20.671, +0.048,+0.949
1773820860,+3.52,+20.680, +0.048,+0.949
1773821160,+3.52,+20.696, +0.048,+0.949
1773821460,+3.52,+20.705, +0.048,+0.949
1773821760,+3.52,+20.696, +0.048,+0.949
1773822060,+3.52,+20.713, +0.048,+0.949
1773822360,+3.52,+20.721, +0.047,+0.949
1773822660,+3.52,+20.696, +0.048,+0.949
1773822960,+3.52,+20.688, +0.048,+0.949
1773823260,+3.52,+20.696, +0.048,+0.949
1773823560,+3.52,+20.696, +0.047,+0.949
1773823860,+3.52,+20.688, +0.048,+0.949
1773824160,+3.52,+20.688, +0.047,+0.949
1773824460,+3.52,+20.688, +0.048,+0.949
1773824760,+3.52,+20.671, +0.048,+0.949
1773825060,+3.52,+20.671, +0.048,+0.949
1773825360,+3.52,+20.688, +0.047,+0.949
1773825660,+3.52,+20.646, +0.048,+0.949
1773825960,+3.52,+20.655, +0.049,+0.949
1773826260,+3.52,+20.629, +0.048,+0.949
1773826560,+3.52,+20.646, +0.048,+0.949
1773826860,+3.52,+20.671, +0.048,+0.949
1773827160,+3.52,+20.671, +0.047,+0.949
1773827460,+3.52,+20.671, +0.048,+0.949
1773827760,+3.52,+20.663, +0.049,+0.949
1773828060,+3.52,+20.680, +0.048,+0.949
1773828360,+3.52,+20.655, +0.047,+0.949
1773828660,+3.52,+20.646, +0.048,+0.949
1773828960,+3.52,+20.655, +0.048,+0.949
1773829260,+3.52,+20.663, +0.048,+0.949
1773829560,+3.52,+20.680, +0.048,+0.949
1773829860,+3.52,+20.655, +0.048,+0.949
1773830160,+3.52,+20.663, +0.048,+0.949
1773830460,+3.52,+20.663, +0.048,+0.949
1773830760,+3.52,+20.646, +0.048,+0.949
1773831060,+3.52,+20.646, +0.048,+0.949
1773831360,+3.52,+20.646, +0.048,+0.949
1773831660,+3.52,+20.655, +0.048,+0.949
1773831960,+3.52,+20.671, +0.048,+0.949
1773832260,+3.52,+20.671, +0.048,+0.949
1773832560,+3.52,+20.655, +0.048,+0.949
1773832860,+3.52,+20.671, +0.048,+0.949
1773833160,+3.52,+20.646, +0.048,+0.949
1773833460,+3.52,+20.671, +0.048,+0.949
1773833760,+3.52,+20.655, +0.048,+0.949
1773834060,+3.52,+20.688, +0.048,+0.949
1773834360,+3.52,+20.671, +0.048,+0.949
1773834660,+3.52,+20.663, +0.048,+0.949
1773834960,+3.52,+20.680, +0.048,+0.949
1773835260,+3.52,+20.688, +0.048,+0.949
1773835560,+3.52,+20.696, +0.048,+0.949
1773835860,+3.52,+20.680, +0.048,+0.949
1773836160,+3.52,+20.696, +0.048,+0.949
1773836460,+3.52,+20.688, +0.048,+0.949
1773836760,+3.52,+20.705, +0.049,+0.949
1773837060,+3.52,+20.713, +0.048,+0.949
1773837360,+3.52,+20.688, +0.048,+0.949
1773837660,+3.52,+20.696, +0.048,+0.949
1773837960,+3.52,+20.696, +0.048,+0.949
1773838260,+3.52,+20.721, +0.048,+0.949
1773838560,+3.52,+20.705, +0.048,+0.949
1773838860,+3.52,+20.705, +0.048,+0.949
1773839160,+3.52,+20.738, +0.048,+0.949
1773839460,+3.52,+20.738, +0.048,+0.949
1773839760,+3.52,+20.746, +0.048,+0.949
1773840060,+3.52,+20.755, +0.048,+0.949
1773840360,+3.52,+20.755, +0.049,+0.949
1773840660,+3.52,+20.763, +0.048,+0.949
1773840960,+3.52,+20.772, +0.049,+0.949
1773841260,+3.52,+20.788, +0.048,+0.949
1773841560,+3.52,+20.788, +0.048,+0.949
1773841860,+3.52,+20.763, +0.048,+0.949
1773842160,+3.52,+20.772, +0.048,+0.949
1773842460,+3.52,+20.772, +0.048,+0.949
1773842760,+3.52,+20.788, +0.048,+0.949
1773843060,+3.52,+20.788, +0.048,+0.949
1773843360,+3.52,+20.788, +0.048,+0.949
1773843660,+3.52,+20.780, +0.048,+0.949
1773843960,+3.52,+20.788, +0.048,+0.949
1773844260,+3.52,+20.797, +0.048,+0.949
1773844560,+3.52,+20.813, +0.048,+0.949
1773844860,+3.52,+20.813, +0.048,+0.949
1773845160,+3.52,+20.797, +0.048,+0.949
1773845460,+3.52,+20.805, +0.047,+0.949
1773845760,+3.52,+20.822, +0.048,+0.949
1773846060,+3.52,+20.830, +0.047,+0.949
1773846360,+3.52,+20.830, +0.048,+0.949
1773846660,+3.52,+20.830, +0.048,+0.949
1773846960,+3.52,+20.838, +0.048,+0.949
1773847260,+3.52,+20.838, +0.048,+0.949
1773847560,+3.52,+20.847, +0.048,+0.949
1773847860,+3.52,+20.855, +0.048,+0.949
1773848160,+3.52,+20.872, +0.048,+0.949
1773848460,+3.52,+20.863, +0.048,+0.949
1773848760,+3.52,+20.838, +0.048,+0.949
1773849060,+3.52,+20.855, +0.048,+0.949
1773849360,+3.52,+20.855, +0.048,+0.949
1773849660,+3.52,+20.872, +0.047,+0.949
1773849960,+3.52,+20.855, +0.048,+0.949
1773850260,+3.52,+20.847, +0.048,+0.949
1773850560,+3.52,+20.863, +0.048,+0.949
1773850860,+3.52,+20.855, +0.048,+0.949
1773851160,+3.52,+20.855, +0.048,+0.949
1773851460,+3.52,+20.872, +0.049,+0.949
1773851760,+3.52,+20.855, +0.048,+0.949
1773852060,+3.52,+20.855, +0.048,+0.949
1773852360,+3.52,+20.855, +0.049,+0.949
1773852660,+3.52,+20.863, +0.049,+0.949
1773852960,+3.52,+20.880, +0.048,+0.949
1773853260,+3.52,+20.880, +0.048,+0.949
1773853560,+3.52,+20.889, +0.048,+0.949
1773853860,+3.52,+20.880, +0.048,+0.949
1773854160,+3.52,+20.897, +0.048,+0.949
1773854460,+3.52,+20.905, +0.048,+0.949
1773854760,+3.52,+20.914, +0.048,+0.949
1773855060,+3.52,+20.897, +0.049,+0.949
1773855360,+3.52,+20.922, +0.048,+0.949
1773855660,+3.52,+20.922, +0.048,+0.949
1773855960,+3.52,+20.955, +0.048,+0.949
1773856260,+3.52,+20.947, +0.047,+0.949
1773856560,+3.52,+20.939, +0.048,+0.949
1773856860,+3.52,+20.964, +0.048,+0.949
1773857160,+3.52,+20.964, +0.048,+0.949
1773857460,+3.52,+20.980, +0.047,+0.949
1773857760,+3.52,+20.989, +0.048,+0.949
1773858060,+3.51,+21.022, +0.047,+0.949
1773858360,+3.52,+21.022, +0.048,+0.949
1773858660,+3.52,+21.014, +0.047,+0.949
1773858960,+3.52,+21.031, +0.048,+0.949
1773859260,+3.52,+21.039, +0.048,+0.949
1773859560,+3.52,+21.064, +0.048,+0.949
1773859860,+3.52,+21.064, +0.048,+0.949
1773860160,+3.51,+21.089, +0.048,+0.949
1773860460,+3.52,+21.106, +0.047,+0.949
1773860760,+3.52,+21.106, +0.047,+0.949
1773861060,+3.52,+21.139, +0.047,+0.949
1773861360,+3.52,+21.139, +0.047,+0.949
1773861660,+3.52,+21.148, +0.048,+0.949
1773861960,+3.52,+21.148, +0.048,+0.949
1773862260,+3.52,+21.164, +0.047,+0.949
1773862560,+3.52,+21.198, +0.047,+0.949
1773862860,+3.52,+21.198, +0.048,+0.949
1773863160,+3.52,+21.214, +0.048,+0.949
1773863460,+3.52,+21.239, +0.048,+0.949
1773863760,+3.52,+21.256, +0.048,+0.949
1773864060,+3.52,+21.256, +0.048,+0.949
1773864360,+3.52,+21.273, +0.047,+0.949
1773864660,+3.52,+21.306, +0.048,+0.949
1773864960,+3.52,+21.323, +0.048,+0.949
1773865260,+3.52,+21.340, +0.048,+0.949
1773865560,+3.52,+21.365, +0.047,+0.949
1773865860,+3.52,+21.373, +0.047,+0.949
1773866160,+3.52,+21.373, +0.048,+0.949
1773866460,+3.52,+21.407, +0.047,+0.949
1773866760,+3.52,+21.398, +0.048,+0.949
1773867060,+3.52,+21.423, +0.047,+0.949
1773867360,+3.52,+21.415, +0.048,+0.949
1773867660,+3.52,+21.440, +0.047,+0.949
1773867960,+3.52,+21.448, +0.047,+0.949
1773868260,+3.52,+21.465, +0.047,+0.949
1773868560,+3.52,+21.490, +0.048,+0.949
1773868860,+3.52,+21.524, +0.047,+0.949
1773869160,+3.52,+21.540, +0.048,+0.949
1773869460,+3.52,+21.549, +0.047,+0.949
1773869760,+3.52,+21.565, +0.048,+0.949
1773870060,+3.52,+21.574, +0.047,+0.949
1773870360,+3.52,+21.582, +0.047,+0.949
1773870660,+3.52,+21.599, +0.048,+0.949
1773870960,+3.52,+21.607, +0.047,+0.949
1773871260,+3.52,+21.615, +0.048,+0.949
1773871560,+3.52,+21.640, +0.048,+0.949
1773871860,+3.52,+21.640, +0.047,+0.949
1773872160,+3.52,+21.674, +0.047,+0.949
1773872460,+3.52,+21.699, +0.047,+0.949
1773872760,+3.52,+21.707, +0.047,+0.949
1773873060,+3.52,+21.741, +0.048,+0.949
1773873360,+3.52,+21.749, +0.047,+0.949
1773873660,+3.52,+21.757, +0.047,+0.949
1773873960,+3.52,+21.782, +0.047,+0.949
1773874260,+3.52,+21.774, +0.048,+0.949
1773874560,+3.52,+21.799, +0.048,+0.949
1773874860,+3.52,+21.808, +0.047,+0.949
1773875160,+3.52,+21.833, +0.048,+0.949
1773875460,+3.52,+21.833, +0.048,+0.949
1773875760,+3.52,+21.858, +0.047,+0.949
1773876060,+3.52,+21.849, +0.048,+0.949
1773876360,+3.52,+21.874, +0.047,+0.949
1773876660,+3.52,+21.866, +0.047,+0.949
1773876960,+3.52,+21.908, +0.048,+0.949
1773877260,+3.52,+21.916, +0.047,+0.949
1773877560,+3.52,+21.933, +0.047,+0.949
1773877860,+3.52,+21.941, +0.047,+0.949
1773878160,+3.52,+21.966, +0.048,+0.949
1773878460,+3.52,+21.966, +0.047,+0.949
1773878760,+3.52,+21.966, +0.047,+0.949
1773879060,+3.52,+21.966, +0.048,+0.949
1773879360,+3.52,+22.008, +0.048,+0.949
1773879660,+3.52,+22.016, +0.047,+0.949
1773879960,+3.52,+22.033, +0.047,+0.949
1773880260,+3.52,+22.033, +0.048,+0.949
1773880560,+3.52,+22.058, +0.047,+0.949
1773880860,+3.52,+22.092, +0.048,+0.949
1773881160,+3.52,+22.075, +0.048,+0.949
1773881460,+3.52,+22.083, +0.048,+0.949
1773881760,+3.52,+22.092, +0.048,+0.949
1773882060,+3.52,+22.100, +0.048,+0.949
1773882360,+3.52,+22.100, +0.048,+0.949
1773882660,+3.52,+22.108, +0.048,+0.949
1773882960,+3.52,+22.125, +0.048,+0.949
1773883260,+3.52,+22.150, +0.047,+0.949
1773883560,+3.52,+22.158, +0.047,+0.949
1773883860,+3.52,+22.150, +0.047,+0.949
1773884160,+3.52,+22.150, +0.047,+0.949
1773884460,+3.52,+22.158, +0.048,+0.949
1773884760,+3.52,+22.158, +0.047,+0.949
1773885060,+3.52,+22.192, +0.048,+0.949
1773885360,+3.52,+22.200, +0.047,+0.949
1773885660,+3.52,+22.192, +0.048,+0.949
1773885960,+3.52,+22.175, +0.048,+0.949
1773886260,+3.52,+22.183, +0.048,+0.949
1773886560,+3.52,+22.192, +0.048,+0.949
1773886860,+3.52,+22.183, +0.048,+0.949
1773887160,+3.52,+22.200, +0.048,+0.949
1773887460,+3.52,+22.208, +0.047,+0.949
1773887760,+3.52,+22.208, +0.047,+0.949
1773888060,+3.52,+22.208, +0.048,+0.949
1773888360,+3.52,+22.217, +0.048,+0.949
1773888660,+3.52,+22.200, +0.048,+0.949
1773888960,+3.52,+22.225, +0.048,+0.949
1773889260,+3.52,+22.217, +0.047,+0.949
1773889560,+3.52,+22.225, +0.048,+0.949
1773889860,+3.52,+22.217, +0.048,+0.949
1773890160,+3.52,+22.242, +0.047,+0.949
1773890460,+3.52,+22.225, +0.048,+0.949
1773890760,+3.52,+22.217, +0.048,+0.949
1773891060,+3.52,+22.225, +0.048,+0.949
1773891360,+3.52,+22.225, +0.048,+0.949
1773891660,+3.52,+22.225, +0.048,+0.949
1773891960,+3.52,+22.217, +0.048,+0.949
1773892260,+3.52,+22.225, +0.048,+0.949
1773892560,+3.52,+22.225, +0.048,+0.949
1773892860,+3.52,+22.234, +0.048,+0.949
1773893160,+3.52,+22.225, +0.048,+0.949
1773893460,+3.52,+22.234, +0.048,+0.949
1773893760,+3.52,+22.225, +0.048,+0.949
1773894060,+3.52,+22.217, +0.048,+0.949
1773894360,+3.52,+22.242, +0.048,+0.949
1773894660,+3.52,+22.234, +0.047,+0.949
