7450-340250
OS REV: 1.05 Sensor Cal: 1705524272
Time (sec),  BV (Volts),  T (deg C),  DO (mg/l),  Q ()
1771727460,+3.48,+10.697, +8.683,+0.968
1771727760,+3.48,+10.697, +8.674,+0.968
1771728060,+3.48,+10.679, +8.692,+0.968
1771728360,+3.48,+10.688, +8.643,+0.968
1771728660,+3.48,+10.688, +8.665,+0.968
1771728960,+3.48,+10.670, +8.658,+0.968
1771729260,+3.48,+10.688, +8.652,+0.967
1771729560,+3.48,+10.688, +8.679,+0.968
1771729860,+3.48,+10.688, +8.678,+0.968
1771730160,+3.48,+10.688, +8.662,+0.968
1771730460,+3.48,+10.688, +8.663,+0.968
1771730760,+3.48,+10.697, +8.664,+0.968
1771731060,+3.48,+10.706, +8.650,+0.968
1771731360,+3.48,+10.715, +8.625,+0.968
1771731660,+3.48,+10.697, +8.663,+0.968
1771731960,+3.48,+10.706, +8.664,+0.968
1771732260,+3.48,+10.688, +8.669,+0.968
1771732560,+3.48,+10.697, +8.654,+0.968
1771732860,+3.48,+10.724, +8.654,+0.968
1771733160,+3.48,+10.697, +8.657,+0.968
1771733460,+3.48,+10.697, +8.677,+0.968
1771733760,+3.48,+10.697, +8.659,+0.968
1771734060,+3.48,+10.688, +8.660,+0.968
1771734360,+3.48,+10.670, +8.686,+0.969
1771734660,+3.48,+10.697, +8.674,+0.968
1771734960,+3.48,+10.679, +8.672,+0.968
1771735260,+3.48,+10.697, +8.653,+0.968
1771735560,+3.48,+10.688, +8.642,+0.968
1771735860,+3.48,+10.679, +8.650,+0.968
1771736160,+3.48,+10.670, +8.629,+0.968
1771736460,+3.48,+10.670, +8.655,+0.968
1771736760,+3.48,+10.670, +8.645,+0.968
1771737060,+3.48,+10.661, +8.642,+0.968
1771737360,+3.48,+10.643, +8.661,+0.968
1771737660,+3.48,+10.670, +8.621,+0.968
1771737960,+3.48,+10.661, +8.608,+0.968
1771738260,+3.48,+10.652, +8.671,+0.969
1771738560,+3.48,+10.652, +8.629,+0.968
1771738860,+3.48,+10.634, +8.630,+0.968
1771739160,+3.49,+10.643, +8.620,+0.968
1771739460,+3.48,+10.634, +8.648,+0.968
1771739760,+3.49,+10.661, +8.619,+0.968
1771740060,+3.48,+10.616, +8.618,+0.969
1771740360,+3.49,+10.634, +8.620,+0.968
1771740660,+3.49,+10.606, +8.648,+0.968
1771740960,+3.49,+10.616, +8.613,+0.968
1771741260,+3.49,+10.597, +8.634,+0.968
1771741560,+3.49,+10.579, +8.645,+0.968
1771741860,+3.49,+10.597, +8.617,+0.968
1771742160,+3.49,+10.597, +8.616,+0.968
1771742460,+3.49,+10.597, +8.635,+0.968
1771742760,+3.49,+10.579, +8.617,+0.968
1771743060,+3.49,+10.561, +8.639,+0.968
1771743360,+3.49,+10.552, +8.652,+0.968
1771743660,+3.49,+10.570, +8.627,+0.968
1771743960,+3.49,+10.570, +8.622,+0.968
1771744260,+3.49,+10.525, +8.635,+0.968
1771744560,+3.49,+10.552, +8.613,+0.968
1771744860,+3.49,+10.552, +8.598,+0.968
1771745160,+3.49,+10.552, +8.601,+0.968
1771745460,+3.49,+10.534, +8.620,+0.968
1771745760,+3.49,+10.525, +8.621,+0.968
1771746060,+3.49,+10.516, +8.619,+0.968
1771746360,+3.49,+10.489, +8.630,+0.968
1771746660,+3.49,+10.516, +8.613,+0.968
1771746960,+3.49,+10.498, +8.617,+0.968
1771747260,+3.49,+10.489, +8.621,+0.968
1771747560,+3.49,+10.479, +8.621,+0.968
1771747860,+3.49,+10.479, +8.636,+0.968
1771748160,+3.49,+10.452, +8.623,+0.969
1771748460,+3.49,+10.443, +8.633,+0.968
1771748760,+3.49,+10.452, +8.637,+0.968
1771749060,+3.49,+10.452, +8.633,+0.968
1771749360,+3.49,+10.470, +8.636,+0.969
1771749660,+3.49,+10.452, +8.619,+0.968
1771749960,+3.49,+10.434, +8.636,+0.968
1771750260,+3.49,+10.434, +8.641,+0.968
1771750560,+3.49,+10.452, +8.632,+0.968
1771750860,+3.49,+10.425, +8.644,+0.968
1771751160,+3.49,+10.407, +8.633,+0.968
1771751460,+3.49,+10.416, +8.651,+0.968
1771751760,+3.49,+10.398, +8.656,+0.968
1771752060,+3.49,+10.389, +8.655,+0.968
1771752360,+3.49,+10.398, +8.662,+0.968
1771752660,+3.49,+10.398, +8.669,+0.969
1771752960,+3.49,+10.407, +8.642,+0.968
1771753260,+3.49,+10.370, +8.672,+0.968
1771753560,+3.49,+10.389, +8.662,+0.968
1771753860,+3.49,+10.389, +8.674,+0.968
1771754160,+3.49,+10.380, +8.676,+0.968
1771754460,+3.49,+10.389, +8.664,+0.968
1771754760,+3.49,+10.389, +8.691,+0.968
1771755060,+3.49,+10.389, +8.660,+0.968
1771755360,+3.49,+10.389, +8.698,+0.968
1771755660,+3.49,+10.389, +8.708,+0.969
1771755960,+3.49,+10.370, +8.714,+0.968
1771756260,+3.49,+10.398, +8.702,+0.969
1771756560,+3.49,+10.398, +8.724,+0.968
1771756860,+3.49,+10.370, +8.741,+0.968
1771757160,+3.49,+10.370, +8.764,+0.968
1771757460,+3.49,+10.389, +8.762,+0.968
1771757760,+3.49,+10.398, +8.746,+0.968
1771758060,+3.49,+10.398, +8.765,+0.968
1771758360,+3.49,+10.389, +8.765,+0.968
1771758660,+3.49,+10.398, +8.788,+0.969
1771758960,+3.49,+10.407, +8.787,+0.968
1771759260,+3.49,+10.407, +8.791,+0.968
1771759560,+3.49,+10.407, +8.814,+0.969
1771759860,+3.49,+10.416, +8.826,+0.968
1771760160,+3.49,+10.416, +8.840,+0.968
1771760460,+3.49,+10.425, +8.822,+0.968
1771760760,+3.49,+10.416, +8.846,+0.968
1771761060,+3.49,+10.416, +8.846,+0.969
1771761360,+3.49,+10.443, +8.861,+0.968
1771761660,+3.49,+10.416, +8.867,+0.968
1771761960,+3.49,+10.425, +8.857,+0.968
1771762260,+3.49,+10.443, +8.895,+0.968
1771762560,+3.49,+10.461, +8.904,+0.969
1771762860,+3.49,+10.461, +8.896,+0.969
1771763160,+3.49,+10.434, +8.898,+0.968
1771763460,+3.49,+10.470, +8.884,+0.968
1771763760,+3.49,+10.443, +8.948,+0.969
1771764060,+3.49,+10.479, +8.920,+0.968
1771764360,+3.49,+10.470, +8.927,+0.968
1771764660,+3.49,+10.479, +8.930,+0.968
1771764960,+3.49,+10.470, +8.943,+0.969
1771765260,+3.49,+10.489, +8.936,+0.968
1771765560,+3.49,+10.479, +8.955,+0.968
1771765860,+3.49,+10.461, +8.943,+0.968
1771766160,+3.49,+10.498, +8.966,+0.968
1771766460,+3.49,+10.479, +8.979,+0.968
1771766760,+3.49,+10.498, +8.975,+0.968
1771767060,+3.49,+10.489, +8.994,+0.968
1771767360,+3.49,+10.470, +8.971,+0.968
1771767660,+3.49,+10.498, +8.992,+0.969
1771767960,+3.49,+10.507, +9.007,+0.968
1771768260,+3.49,+10.479, +9.005,+0.968
1771768560,+3.49,+10.507, +9.001,+0.968
1771768860,+3.49,+10.489, +9.020,+0.969
1771769160,+3.49,+10.498, +9.007,+0.968
1771769460,+3.49,+10.516, +9.032,+0.969
1771769760,+3.49,+10.498, +9.001,+0.968
1771770060,+3.49,+10.516, +9.035,+0.968
1771770360,+3.49,+10.516, +9.023,+0.968
1771770660,+3.49,+10.489, +9.064,+0.968
1771770960,+3.49,+10.498, +9.043,+0.968
1771771260,+3.49,+10.507, +9.068,+0.968
1771771560,+3.49,+10.516, +9.070,+0.969
1771771860,+3.49,+10.516, +9.085,+0.968
1771772160,+3.49,+10.507, +9.109,+0.969
1771772460,+3.49,+10.516, +9.097,+0.968
1771772760,+3.49,+10.525, +9.095,+0.968
1771773060,+3.49,+10.516, +9.127,+0.969
1771773360,+3.49,+10.507, +9.131,+0.968
1771773660,+3.49,+10.525, +9.107,+0.969
1771773960,+3.49,+10.507, +9.122,+0.968
1771774260,+3.49,+10.525, +9.142,+0.968
1771774560,+3.49,+10.498, +9.142,+0.969
1771774860,+3.49,+10.516, +9.111,+0.968
1771775160,+3.49,+10.507, +9.150,+0.969
1771775460,+3.49,+10.507, +9.123,+0.969
1771775760,+3.49,+10.516, +9.122,+0.968
1771776060,+3.49,+10.516, +9.146,+0.968
1771776360,+3.49,+10.516, +9.156,+0.969
1771776660,+3.49,+10.525, +9.131,+0.968
1771776960,+3.49,+10.525, +9.123,+0.968
1771777260,+3.49,+10.516, +9.096,+0.968
1771777560,+3.49,+10.507, +9.115,+0.969
1771777860,+3.49,+10.507, +9.124,+0.968
1771778160,+3.49,+10.507, +9.138,+0.968
1771778460,+3.49,+10.525, +9.130,+0.968
1771778760,+3.49,+10.534, +9.112,+0.968
1771779060,+3.49,+10.525, +9.117,+0.969
1771779360,+3.49,+10.552, +9.100,+0.968
1771779660,+3.49,+10.534, +9.111,+0.969
1771779960,+3.49,+10.543, +9.117,+0.969
1771780260,+3.49,+10.552, +9.125,+0.969
1771780560,+3.49,+10.561, +9.119,+0.968
1771780860,+3.49,+10.570, +9.092,+0.968
1771781160,+3.49,+10.579, +9.099,+0.969
1771781460,+3.49,+10.579, +9.114,+0.968
1771781760,+3.49,+10.597, +9.110,+0.968
1771782060,+3.49,+10.616, +9.129,+0.968
1771782360,+3.49,+10.634, +9.102,+0.968
1771782660,+3.49,+10.625, +9.126,+0.968
1771782960,+3.49,+10.652, +9.105,+0.968
1771783260,+3.49,+10.643, +9.100,+0.968
1771783560,+3.49,+10.661, +9.132,+0.968
1771783860,+3.49,+10.688, +9.105,+0.968
1771784160,+3.49,+10.688, +9.125,+0.969
1771784460,+3.49,+10.733, +9.086,+0.968
1771784760,+3.49,+10.688, +9.140,+0.968
1771785060,+3.49,+10.733, +9.122,+0.968
1771785360,+3.49,+10.733, +9.129,+0.968
1771785660,+3.49,+10.760, +9.121,+0.968
1771785960,+3.49,+10.778, +9.110,+0.968
1771786260,+3.49,+10.778, +9.107,+0.968
1771786560,+3.49,+10.778, +9.113,+0.968
1771786860,+3.49,+10.824, +9.117,+0.968
1771787160,+3.49,+10.815, +9.091,+0.968
1771787460,+3.49,+10.842, +9.078,+0.968
1771787760,+3.49,+10.842, +9.102,+0.968
1771788060,+3.49,+10.851, +9.089,+0.968
1771788360,+3.49,+10.860, +9.080,+0.968
1771788660,+3.49,+10.887, +9.074,+0.968
1771788960,+3.48,+10.914, +9.095,+0.968
1771789260,+3.49,+10.923, +9.096,+0.968
1771789560,+3.48,+10.950, +9.066,+0.969
1771789860,+3.48,+10.968, +9.077,+0.969
1771790160,+3.48,+10.950, +9.077,+0.968
1771790460,+3.48,+10.968, +9.068,+0.968
1771790760,+3.49,+10.950, +9.073,+0.968
1771791060,+3.48,+10.986, +9.070,+0.968
1771791360,+3.48,+11.004, +9.065,+0.968
1771791660,+3.49,+11.013, +9.061,+0.968
1771791960,+3.49,+11.022, +9.040,+0.968
1771792260,+3.48,+11.049, +9.042,+0.967
1771792560,+3.48,+11.049, +9.042,+0.968
1771792860,+3.48,+11.049, +9.040,+0.968
1771793160,+3.48,+11.058, +9.039,+0.968
1771793460,+3.48,+11.058, +9.024,+0.968
1771793760,+3.48,+11.085, +9.026,+0.968
1771794060,+3.48,+11.103, +9.002,+0.968
1771794360,+3.48,+11.121, +9.005,+0.968
1771794660,+3.48,+11.157, +8.991,+0.968
1771794960,+3.48,+11.148, +8.971,+0.968
1771795260,+3.48,+11.157, +8.998,+0.968
1771795560,+3.48,+11.166, +9.004,+0.968
1771795860,+3.48,+11.202, +9.010,+0.968
1771796160,+3.48,+11.193, +9.021,+0.968
1771796460,+3.48,+11.229, +9.002,+0.968
1771796760,+3.48,+11.211, +9.000,+0.968
1771797060,+3.48,+11.238, +9.024,+0.968
1771797360,+3.48,+11.256, +8.998,+0.968
1771797660,+3.48,+11.265, +8.968,+0.968
1771797960,+3.49,+11.292, +8.978,+0.968
1771798260,+3.49,+11.310, +8.984,+0.968
1771798560,+3.49,+11.310, +8.961,+0.967
1771798860,+3.49,+11.319, +8.990,+0.968
1771799160,+3.49,+11.319, +8.982,+0.967
1771799460,+3.49,+11.364, +8.991,+0.968
1771799760,+3.49,+11.364, +8.971,+0.968
1771800060,+3.49,+11.382, +8.956,+0.968
1771800360,+3.49,+11.408, +8.972,+0.968
1771800660,+3.49,+11.408, +8.943,+0.968
1771800960,+3.49,+11.417, +8.970,+0.968
1771801260,+3.49,+11.435, +8.943,+0.968
1771801560,+3.49,+11.444, +8.958,+0.968
1771801860,+3.49,+11.453, +8.952,+0.968
1771802160,+3.49,+11.471, +8.961,+0.968
1771802460,+3.49,+11.480, +8.980,+0.968
1771802760,+3.49,+11.489, +8.951,+0.968
1771803060,+3.49,+11.498, +8.955,+0.968
1771803360,+3.49,+11.525, +8.945,+0.968
1771803660,+3.49,+11.507, +8.901,+0.968
1771803960,+3.49,+11.543, +8.903,+0.968
1771804260,+3.49,+11.534, +8.910,+0.968
1771804560,+3.49,+11.543, +8.912,+0.968
1771804860,+3.49,+11.579, +8.909,+0.968
1771805160,+3.49,+11.561, +8.928,+0.968
1771805460,+3.49,+11.579, +8.900,+0.968
1771805760,+3.49,+11.579, +8.885,+0.968
1771806060,+3.49,+11.596, +8.876,+0.968
1771806360,+3.49,+11.570, +8.908,+0.967
1771806660,+3.49,+11.605, +8.886,+0.968
1771806960,+3.49,+11.614, +8.881,+0.968
1771807260,+3.49,+11.596, +8.888,+0.968
1771807560,+3.49,+11.614, +8.837,+0.968
1771807860,+3.49,+11.632, +8.859,+0.967
1771808160,+3.49,+11.614, +8.845,+0.968
1771808460,+3.49,+11.623, +8.827,+0.967
1771808760,+3.49,+11.614, +8.874,+0.968
1771809060,+3.49,+11.614, +8.837,+0.968
1771809360,+3.49,+11.623, +8.831,+0.967
1771809660,+3.49,+11.623, +8.832,+0.968
1771809960,+3.49,+11.632, +8.827,+0.968
1771810260,+3.49,+11.632, +8.827,+0.968
1771810560,+3.49,+11.632, +8.831,+0.968
1771810860,+3.49,+11.641, +8.815,+0.968
1771811160,+3.49,+11.641, +8.830,+0.967
1771811460,+3.49,+11.650, +8.825,+0.968
1771811760,+3.49,+11.641, +8.805,+0.968
1771812060,+3.49,+11.623, +8.809,+0.968
1771812360,+3.49,+11.614, +8.831,+0.968
1771812660,+3.49,+11.641, +8.812,+0.968
1771812960,+3.49,+11.641, +8.813,+0.968
1771813260,+3.49,+11.641, +8.787,+0.967
1771813560,+3.49,+11.623, +8.807,+0.967
1771813860,+3.49,+11.659, +8.763,+0.967
