7450-340250
OS REV: 1.05 Sensor Cal: 1705524272
Time (sec),  BV (Volts),  T (deg C),  DO (mg/l),  Q ()
1771814160,+3.49,+11.641, +8.781,+0.967
1771814460,+3.49,+11.668, +8.780,+0.967
1771814760,+3.49,+11.641, +8.794,+0.968
1771815060,+3.49,+11.650, +8.792,+0.968
1771815360,+3.49,+11.668, +8.812,+0.968
1771815660,+3.49,+11.650, +8.782,+0.967
1771815960,+3.49,+11.659, +8.803,+0.968
1771816260,+3.49,+11.659, +8.788,+0.968
1771816560,+3.49,+11.668, +8.766,+0.967
1771816860,+3.49,+11.650, +8.771,+0.967
1771817160,+3.49,+11.632, +8.789,+0.968
1771817460,+3.49,+11.668, +8.754,+0.968
1771817760,+3.49,+11.641, +8.757,+0.968
1771818060,+3.49,+11.641, +8.767,+0.968
1771818360,+3.49,+11.659, +8.724,+0.967
1771818660,+3.49,+11.623, +8.740,+0.968
1771818960,+3.49,+11.623, +8.737,+0.968
1771819260,+3.49,+11.650, +8.707,+0.968
1771819560,+3.49,+11.632, +8.719,+0.967
1771819860,+3.49,+11.632, +8.703,+0.967
1771820160,+3.49,+11.641, +8.709,+0.967
1771820460,+3.49,+11.623, +8.699,+0.968
1771820760,+3.49,+11.605, +8.721,+0.968
1771821060,+3.49,+11.614, +8.712,+0.968
1771821360,+3.49,+11.605, +8.704,+0.968
1771821660,+3.49,+11.596, +8.716,+0.968
1771821960,+3.49,+11.587, +8.692,+0.968
1771822260,+3.49,+11.605, +8.696,+0.968
1771822560,+3.49,+11.605, +8.699,+0.968
1771822860,+3.49,+11.587, +8.706,+0.968
1771823160,+3.49,+11.570, +8.680,+0.967
1771823460,+3.49,+11.570, +8.691,+0.968
1771823760,+3.49,+11.543, +8.676,+0.968
1771824060,+3.49,+11.561, +8.678,+0.968
1771824360,+3.49,+11.570, +8.672,+0.968
1771824660,+3.49,+11.552, +8.679,+0.967
1771824960,+3.49,+11.552, +8.654,+0.967
1771825260,+3.49,+11.561, +8.645,+0.968
1771825560,+3.49,+11.543, +8.655,+0.968
1771825860,+3.49,+11.561, +8.661,+0.968
1771826160,+3.49,+11.534, +8.677,+0.968
1771826460,+3.49,+11.525, +8.659,+0.967
1771826760,+3.49,+11.534, +8.659,+0.968
1771827060,+3.49,+11.534, +8.648,+0.968
1771827360,+3.49,+11.525, +8.636,+0.967
1771827660,+3.49,+11.516, +8.638,+0.967
1771827960,+3.49,+11.507, +8.642,+0.968
1771828260,+3.49,+11.489, +8.642,+0.968
1771828560,+3.49,+11.498, +8.627,+0.968
1771828860,+3.49,+11.489, +8.619,+0.968
1771829160,+3.49,+11.489, +8.669,+0.968
1771829460,+3.49,+11.489, +8.662,+0.968
1771829760,+3.49,+11.480, +8.650,+0.968
1771830060,+3.49,+11.498, +8.620,+0.968
1771830360,+3.49,+11.471, +8.673,+0.968
1771830660,+3.49,+11.462, +8.658,+0.968
1771830960,+3.49,+11.471, +8.668,+0.967
1771831260,+3.49,+11.453, +8.676,+0.968
1771831560,+3.49,+11.462, +8.676,+0.968
1771831860,+3.49,+11.453, +8.662,+0.968
1771832160,+3.49,+11.462, +8.675,+0.968
1771832460,+3.49,+11.462, +8.666,+0.968
1771832760,+3.49,+11.462, +8.669,+0.968
1771833060,+3.49,+11.444, +8.682,+0.968
1771833360,+3.49,+11.480, +8.686,+0.968
1771833660,+3.49,+11.453, +8.676,+0.968
1771833960,+3.49,+11.462, +8.691,+0.968
1771834260,+3.49,+11.471, +8.687,+0.968
1771834560,+3.49,+11.480, +8.679,+0.968
1771834860,+3.49,+11.471, +8.679,+0.968
1771835160,+3.49,+11.462, +8.648,+0.967
1771835460,+3.49,+11.462, +8.663,+0.968
1771835760,+3.49,+11.453, +8.692,+0.968
1771836060,+3.49,+11.462, +8.689,+0.968
1771836360,+3.49,+11.453, +8.666,+0.968
1771836660,+3.49,+11.453, +8.666,+0.968
1771836960,+3.49,+11.462, +8.680,+0.968
1771837260,+3.49,+11.453, +8.669,+0.968
1771837560,+3.49,+11.435, +8.682,+0.968
1771837860,+3.49,+11.453, +8.654,+0.968
1771838160,+3.49,+11.453, +8.676,+0.967
1771838460,+3.49,+11.444, +8.693,+0.968
1771838760,+3.49,+11.453, +8.668,+0.968
1771839060,+3.49,+11.453, +8.683,+0.968
1771839360,+3.49,+11.462, +8.699,+0.967
1771839660,+3.49,+11.462, +8.688,+0.968
1771839960,+3.49,+11.435, +8.692,+0.968
1771840260,+3.49,+11.453, +8.719,+0.968
1771840560,+3.49,+11.435, +8.690,+0.968
1771840860,+3.49,+11.444, +8.711,+0.968
1771841160,+3.49,+11.453, +8.707,+0.968
1771841460,+3.49,+11.462, +8.713,+0.968
1771841760,+3.49,+11.462, +8.731,+0.968
1771842060,+3.49,+11.453, +8.742,+0.968
1771842360,+3.49,+11.462, +8.736,+0.968
1771842660,+3.49,+11.462, +8.750,+0.968
1771842960,+3.49,+11.480, +8.758,+0.968
1771843260,+3.49,+11.462, +8.770,+0.968
1771843560,+3.49,+11.480, +8.766,+0.968
1771843860,+3.49,+11.480, +8.762,+0.968
1771844160,+3.49,+11.489, +8.784,+0.968
1771844460,+3.49,+11.498, +8.784,+0.968
1771844760,+3.49,+11.498, +8.786,+0.967
1771845060,+3.49,+11.498, +8.792,+0.968
1771845360,+3.49,+11.489, +8.845,+0.968
1771845660,+3.49,+11.489, +8.814,+0.968
1771845960,+3.49,+11.498, +8.865,+0.968
1771846260,+3.49,+11.534, +8.825,+0.968
1771846560,+3.49,+11.516, +8.815,+0.968
1771846860,+3.49,+11.498, +8.837,+0.968
1771847160,+3.49,+11.507, +8.824,+0.968
1771847460,+3.49,+11.507, +8.868,+0.968
1771847760,+3.49,+11.507, +8.870,+0.968
1771848060,+3.49,+11.516, +8.900,+0.968
1771848360,+3.49,+11.534, +8.857,+0.968
1771848660,+3.49,+11.534, +8.882,+0.968
1771848960,+3.49,+11.525, +8.856,+0.968
1771849260,+3.49,+11.507, +8.878,+0.968
1771849560,+3.49,+11.525, +8.893,+0.968
1771849860,+3.49,+11.543, +8.910,+0.968
1771850160,+3.49,+11.525, +8.902,+0.968
1771850460,+3.49,+11.534, +8.923,+0.968
1771850760,+3.49,+11.543, +8.918,+0.968
1771851060,+3.49,+11.570, +8.932,+0.967
1771851360,+3.49,+11.552, +8.918,+0.968
1771851660,+3.49,+11.561, +8.944,+0.968
1771851960,+3.49,+11.579, +8.949,+0.968
1771852260,+3.49,+11.587, +8.966,+0.968
1771852560,+3.49,+11.579, +8.981,+0.968
1771852860,+3.49,+11.596, +9.003,+0.968
1771853160,+3.49,+11.596, +8.977,+0.968
1771853460,+3.49,+11.596, +9.003,+0.968
1771853760,+3.49,+11.605, +8.998,+0.968
1771854060,+3.49,+11.614, +9.010,+0.968
1771854360,+3.49,+11.596, +9.035,+0.968
1771854660,+3.49,+11.614, +8.995,+0.968
1771854960,+3.49,+11.632, +9.028,+0.968
1771855260,+3.49,+11.632, +9.004,+0.968
1771855560,+3.49,+11.632, +9.076,+0.969
1771855860,+3.49,+11.632, +9.036,+0.968
1771856160,+3.49,+11.632, +9.038,+0.968
1771856460,+3.49,+11.641, +9.047,+0.967
1771856760,+3.49,+11.659, +9.052,+0.968
1771857060,+3.49,+11.641, +9.022,+0.967
1771857360,+3.49,+11.650, +9.057,+0.968
1771857660,+3.49,+11.668, +9.077,+0.968
1771857960,+3.49,+11.650, +9.072,+0.967
1771858260,+3.49,+11.677, +9.078,+0.968
1771858560,+3.49,+11.650, +9.099,+0.968
1771858860,+3.49,+11.677, +9.061,+0.968
1771859160,+3.49,+11.668, +9.087,+0.968
1771859460,+3.49,+11.677, +9.056,+0.968
1771859760,+3.49,+11.686, +9.096,+0.968
1771860060,+3.49,+11.668, +9.100,+0.968
1771860360,+3.49,+11.668, +9.092,+0.968
1771860660,+3.49,+11.686, +9.103,+0.968
1771860960,+3.49,+11.686, +9.103,+0.968
1771861260,+3.49,+11.713, +9.114,+0.968
1771861560,+3.49,+11.695, +9.127,+0.968
1771861860,+3.49,+11.686, +9.128,+0.968
1771862160,+3.49,+11.704, +9.127,+0.968
1771862460,+3.49,+11.713, +9.149,+0.968
1771862760,+3.49,+11.704, +9.164,+0.968
1771863060,+3.49,+11.721, +9.112,+0.968
1771863360,+3.49,+11.713, +9.172,+0.968
1771863660,+3.49,+11.704, +9.185,+0.968
1771863960,+3.49,+11.730, +9.178,+0.967
1771864260,+3.49,+11.739, +9.170,+0.968
1771864560,+3.49,+11.730, +9.174,+0.967
1771864860,+3.49,+11.748, +9.188,+0.968
1771865160,+3.49,+11.757, +9.206,+0.968
1771865460,+3.49,+11.748, +9.194,+0.968
1771865760,+3.49,+11.775, +9.184,+0.968
1771866060,+3.49,+11.793, +9.185,+0.968
1771866360,+3.49,+11.784, +9.198,+0.968
1771866660,+3.49,+11.757, +9.209,+0.968
1771866960,+3.49,+11.802, +9.198,+0.968
1771867260,+3.49,+11.793, +9.268,+0.968
1771867560,+3.49,+11.811, +9.232,+0.968
1771867860,+3.49,+11.802, +9.257,+0.968
1771868160,+3.49,+11.793, +9.228,+0.968
1771868460,+3.49,+11.828, +9.230,+0.968
1771868760,+3.49,+11.837, +9.223,+0.967
1771869060,+3.49,+11.846, +9.254,+0.968
1771869360,+3.49,+11.855, +9.265,+0.968
1771869660,+3.49,+11.864, +9.300,+0.968
1771869960,+3.49,+11.873, +9.252,+0.967
1771870260,+3.49,+11.891, +9.281,+0.968
1771870560,+3.49,+11.891, +9.281,+0.968
1771870860,+3.49,+11.917, +9.249,+0.967
1771871160,+3.49,+11.926, +9.290,+0.967
1771871460,+3.49,+11.935, +9.283,+0.967
1771871760,+3.49,+11.953, +9.254,+0.968
1771872060,+3.49,+11.962, +9.262,+0.967
1771872360,+3.49,+11.989, +9.230,+0.968
1771872660,+3.49,+11.962, +9.264,+0.968
1771872960,+3.49,+11.998, +9.250,+0.967
1771873260,+3.49,+12.015, +9.287,+0.968
1771873560,+3.49,+12.042, +9.299,+0.968
1771873860,+3.49,+12.042, +9.292,+0.967
1771874160,+3.49,+12.086, +9.294,+0.968
1771874460,+3.49,+12.086, +9.295,+0.967
1771874760,+3.49,+12.113, +9.281,+0.968
1771875060,+3.49,+12.113, +9.290,+0.968
1771875360,+3.49,+12.140, +9.290,+0.968
1771875660,+3.49,+12.157, +9.272,+0.968
1771875960,+3.49,+12.157, +9.289,+0.968
1771876260,+3.49,+12.175, +9.255,+0.968
1771876560,+3.49,+12.184, +9.288,+0.967
1771876860,+3.49,+12.211, +9.259,+0.967
1771877160,+3.49,+12.219, +9.270,+0.967
1771877460,+3.49,+12.246, +9.268,+0.968
1771877760,+3.49,+12.264, +9.258,+0.968
1771878060,+3.49,+12.264, +9.267,+0.968
1771878360,+3.49,+12.282, +9.260,+0.968
1771878660,+3.49,+12.290, +9.255,+0.967
1771878960,+3.49,+12.317, +9.229,+0.968
1771879260,+3.49,+12.317, +9.225,+0.967
1771879560,+3.49,+12.344, +9.241,+0.968
1771879860,+3.49,+12.379, +9.185,+0.967
1771880160,+3.49,+12.397, +9.215,+0.968
1771880460,+3.49,+12.405, +9.187,+0.968
1771880760,+3.49,+12.450, +9.234,+0.967
1771881060,+3.49,+12.467, +9.237,+0.967
1771881360,+3.49,+12.503, +9.190,+0.967
1771881660,+3.49,+12.503, +9.193,+0.967
1771881960,+3.49,+12.520, +9.214,+0.967
1771882260,+3.49,+12.529, +9.221,+0.967
1771882560,+3.49,+12.556, +9.200,+0.967
1771882860,+3.49,+12.547, +9.161,+0.967
1771883160,+3.49,+12.556, +9.194,+0.967
1771883460,+3.49,+12.556, +9.189,+0.967
1771883760,+3.49,+12.564, +9.144,+0.967
1771884060,+3.49,+12.573, +9.151,+0.967
1771884360,+3.49,+12.582, +9.183,+0.967
1771884660,+3.49,+12.582, +9.153,+0.967
1771884960,+3.49,+12.591, +9.189,+0.968
1771885260,+3.49,+12.617, +9.168,+0.967
1771885560,+3.49,+12.635, +9.145,+0.967
1771885860,+3.49,+12.635, +9.161,+0.968
1771886160,+3.49,+12.626, +9.133,+0.967
1771886460,+3.49,+12.644, +9.164,+0.968
1771886760,+3.49,+12.644, +9.116,+0.967
1771887060,+3.49,+12.662, +9.134,+0.968
1771887360,+3.49,+12.670, +9.120,+0.967
1771887660,+3.49,+12.670, +9.143,+0.967
1771887960,+3.49,+12.653, +9.122,+0.967
1771888260,+3.49,+12.670, +9.093,+0.967
1771888560,+3.49,+12.653, +9.126,+0.967
1771888860,+3.49,+12.653, +9.101,+0.967
1771889160,+3.49,+12.679, +9.124,+0.967
1771889460,+3.49,+12.688, +9.091,+0.967
1771889760,+3.49,+12.679, +9.111,+0.968
1771890060,+3.49,+12.679, +9.094,+0.968
1771890360,+3.49,+12.688, +9.085,+0.967
1771890660,+3.49,+12.679, +9.062,+0.967
1771890960,+3.49,+12.679, +9.064,+0.967
1771891260,+3.49,+12.688, +9.098,+0.967
1771891560,+3.49,+12.688, +9.080,+0.968
1771891860,+3.49,+12.697, +9.048,+0.967
1771892160,+3.49,+12.714, +9.045,+0.967
1771892460,+3.49,+12.741, +9.032,+0.968
1771892760,+3.49,+12.723, +9.018,+0.968
1771893060,+3.49,+12.714, +8.998,+0.966
1771893360,+3.49,+12.732, +8.996,+0.967
1771893660,+3.49,+12.706, +8.981,+0.967
1771893960,+3.49,+12.723, +8.969,+0.967
1771894260,+3.49,+12.714, +8.966,+0.968
1771894560,+3.49,+12.688, +8.950,+0.967
1771894860,+3.49,+12.706, +8.928,+0.967
1771895160,+3.49,+12.714, +8.899,+0.967
1771895460,+3.49,+12.706, +8.898,+0.967
1771895760,+3.49,+12.706, +8.858,+0.967
1771896060,+3.49,+12.697, +8.879,+0.967
1771896360,+3.49,+12.688, +8.873,+0.968
1771896660,+3.49,+12.688, +8.854,+0.967
1771896960,+3.49,+12.679, +8.818,+0.967
1771897260,+3.49,+12.688, +8.818,+0.968
1771897560,+3.49,+12.697, +8.797,+0.967
1771897860,+3.49,+12.662, +8.807,+0.968
1771898160,+3.49,+12.688, +8.756,+0.967
1771898460,+3.49,+12.679, +8.735,+0.967
1771898760,+3.49,+12.679, +8.749,+0.967
1771899060,+3.50,+12.679, +8.750,+0.967
1771899360,+3.49,+12.670, +8.777,+0.968
1771899660,+3.49,+12.688, +8.749,+0.967
1771899960,+3.49,+12.688, +8.775,+0.967
1771900260,+3.49,+12.662, +8.783,+0.967
1771900560,+3.49,+12.706, +8.777,+0.967
