7450-361913
OS REV: 1.05 Sensor Cal: 1705524136
Time (sec),  BV (Volts),  T (deg C),  DO (mg/l),  Q ()
1772666040,+3.49,+20.977,+11.114,+0.897
1772666340,+3.49,+20.985,+11.061,+0.897
1772666640,+3.49,+21.011,+11.082,+0.897
1772666940,+3.49,+21.161,+11.251,+0.897
1772667240,+3.49,+21.253,+11.433,+0.897
1772667540,+3.49,+21.361,+11.490,+0.897
1772667840,+3.49,+21.453,+11.535,+0.897
1772668140,+3.49,+21.503,+11.570,+0.898
1772668440,+3.49,+21.537,+11.561,+0.897
1772668740,+3.49,+21.579,+11.635,+0.896
1772669040,+3.49,+21.587,+11.587,+0.897
1772669340,+3.49,+21.620,+11.616,+0.897
1772669640,+3.49,+21.629,+11.724,+0.897
1772669940,+3.49,+21.662,+11.700,+0.897
1772670240,+3.49,+21.620,+11.693,+0.897
1772670540,+3.49,+21.529,+11.470,+0.896
1772670840,+3.49,+21.437,+11.479,+0.896
1772671140,+3.49,+21.478,+11.706,+0.898
1772671440,+3.49,+21.453,+11.675,+0.896
1772671740,+3.49,+21.462,+11.768,+0.897
1772672040,+3.49,+21.353,+11.780,+0.897
1772672340,+3.49,+21.236,+11.603,+0.897
1772672640,+3.49,+21.136,+11.478,+0.897
1772672940,+3.49,+21.036,+11.450,+0.897
1772673240,+3.49,+20.969,+11.442,+0.896
1772673540,+3.49,+20.885,+11.405,+0.897
1772673840,+3.49,+20.785,+11.336,+0.897
1772674140,+3.49,+20.743,+11.329,+0.897
1772674440,+3.49,+20.668,+11.272,+0.897
1772674740,+3.49,+20.559,+11.186,+0.897
1772675040,+3.50,+20.442,+11.153,+0.897
1772675340,+3.50,+20.409,+11.069,+0.897
1772675640,+3.50,+20.308,+11.036,+0.897
1772675940,+3.50,+20.241,+10.978,+0.897
1772676240,+3.50,+20.174,+10.988,+0.897
1772676540,+3.49,+20.116,+10.904,+0.897
1772676840,+3.49,+20.015,+10.775,+0.897
1772677140,+3.49,+19.915,+10.723,+0.897
1772677440,+3.49,+19.840,+10.640,+0.898
1772677740,+3.49,+19.764,+10.602,+0.898
1772678040,+3.49,+19.689,+10.504,+0.897
1772678340,+3.49,+19.580,+10.462,+0.897
1772678640,+3.50,+19.504,+10.389,+0.898
1772678940,+3.50,+19.421,+10.327,+0.898
1772679240,+3.50,+19.345,+10.200,+0.897
1772679540,+3.50,+19.228,+10.133,+0.898
1772679840,+3.50,+19.144,+10.048,+0.898
1772680140,+3.50,+19.043,+10.010,+0.898
1772680440,+3.49,+18.951, +9.940,+0.898
1772680740,+3.49,+18.825, +9.881,+0.898
1772681040,+3.49,+18.741, +9.795,+0.897
1772681340,+3.50,+18.623, +9.727,+0.898
1772681640,+3.50,+18.522, +9.652,+0.898
1772681940,+3.50,+18.430, +9.579,+0.898
1772682240,+3.50,+18.329, +9.505,+0.898
1772682540,+3.50,+18.228, +9.448,+0.899
1772682840,+3.50,+18.127, +9.380,+0.898
1772683140,+3.50,+17.983, +9.335,+0.899
1772683440,+3.49,+17.891, +9.274,+0.899
1772683740,+3.49,+17.832, +9.195,+0.898
1772684040,+3.49,+17.713, +9.143,+0.899
1772684340,+3.50,+17.587, +9.078,+0.899
1772684640,+3.50,+17.502, +9.015,+0.899
1772684940,+3.50,+17.375, +8.958,+0.899
1772685240,+3.50,+17.265, +8.894,+0.899
1772685540,+3.50,+17.164, +8.820,+0.898
1772685840,+3.50,+17.045, +8.802,+0.900
1772686140,+3.50,+16.952, +8.747,+0.899
1772686440,+3.49,+16.825, +8.701,+0.899
1772686740,+3.49,+16.697, +8.589,+0.899
1772687040,+3.50,+16.595, +8.436,+0.899
1772687340,+3.50,+16.476, +8.304,+0.899
1772687640,+3.50,+16.349, +8.298,+0.900
1772687940,+3.50,+16.229, +8.314,+0.900
1772688240,+3.50,+16.110, +8.367,+0.900
1772688540,+3.50,+16.025, +8.303,+0.900
1772688840,+3.50,+15.888, +8.364,+0.901
1772689140,+3.50,+15.785, +8.356,+0.901
1772689440,+3.49,+15.674, +8.361,+0.901
1772689740,+3.49,+15.554, +8.328,+0.900
1772690040,+3.50,+15.460, +8.285,+0.901
1772690340,+3.50,+15.306, +8.204,+0.900
1772690640,+3.50,+15.168, +8.151,+0.900
1772690940,+3.50,+15.022, +8.121,+0.901
1772691240,+3.50,+14.927, +8.123,+0.901
1772691540,+3.50,+14.867, +8.230,+0.900
1772691840,+3.50,+14.815, +8.271,+0.901
1772692140,+3.50,+14.712, +8.236,+0.900
1772692440,+3.49,+14.617, +8.197,+0.901
1772692740,+3.49,+14.470, +8.242,+0.901
1772693040,+3.50,+14.357, +8.200,+0.901
1772693340,+3.50,+14.270, +8.227,+0.901
1772693640,+3.50,+14.166, +8.235,+0.901
1772693940,+3.50,+14.097, +8.303,+0.901
1772694240,+3.50,+14.062, +8.322,+0.901
1772694540,+3.50,+13.975, +8.312,+0.901
1772694840,+3.50,+13.888, +8.300,+0.901
1772695140,+3.50,+13.819, +8.284,+0.901
1772695440,+3.50,+13.758, +8.294,+0.902
1772695740,+3.50,+13.723, +8.330,+0.902
1772696040,+3.50,+13.662, +8.342,+0.902
1772696340,+3.50,+13.627, +8.309,+0.902
1772696640,+3.50,+13.548, +8.324,+0.902
1772696940,+3.49,+13.487, +8.330,+0.902
1772697240,+3.49,+13.382, +8.294,+0.902
1772697540,+3.49,+13.312, +8.293,+0.902
1772697840,+3.49,+13.224, +8.305,+0.902
1772698140,+3.49,+13.163, +8.318,+0.902
1772698440,+3.50,+13.014, +8.296,+0.901
1772698740,+3.50,+12.882, +8.361,+0.901
1772699040,+3.50,+12.811, +8.369,+0.902
1772699340,+3.50,+12.741, +8.391,+0.902
1772699640,+3.50,+12.653, +8.422,+0.901
1772699940,+3.50,+12.591, +8.425,+0.901
1772700240,+3.50,+12.502, +8.432,+0.901
1772700540,+3.49,+12.387, +8.433,+0.901
1772700840,+3.49,+12.308, +8.446,+0.902
1772701140,+3.49,+12.210, +8.439,+0.902
1772701440,+3.49,+12.192, +8.473,+0.902
1772701740,+3.49,+12.166, +8.509,+0.902
1772702040,+3.49,+12.112, +8.542,+0.902
1772702340,+3.49,+12.095, +8.569,+0.902
1772702640,+3.49,+12.050, +8.585,+0.902
1772702940,+3.49,+12.032, +8.569,+0.902
1772703240,+3.49,+11.952, +8.576,+0.903
1772703540,+3.49,+11.917, +8.559,+0.903
1772703840,+3.49,+11.836, +8.581,+0.902
1772704140,+3.49,+11.792, +8.577,+0.903
1772704440,+3.49,+11.720, +8.583,+0.903
1772704740,+3.50,+11.595, +8.598,+0.902
1772705040,+3.50,+11.533, +8.666,+0.903
1772705340,+3.50,+11.461, +8.683,+0.903
1772705640,+3.50,+11.371, +8.744,+0.903
1772705940,+3.49,+11.326, +8.708,+0.903
1772706240,+3.49,+11.246, +8.630,+0.903
1772706540,+3.49,+11.219, +8.672,+0.903
1772706840,+3.49,+11.156, +8.744,+0.903
1772707140,+3.49,+11.129, +8.737,+0.902
1772707440,+3.49,+11.075, +8.817,+0.903
1772707740,+3.49,+10.993, +8.815,+0.903
1772708040,+3.49,+10.975, +8.818,+0.903
1772708340,+3.49,+10.912, +8.696,+0.902
1772708640,+3.49,+10.813, +8.692,+0.902
1772708940,+3.49,+10.713, +8.729,+0.902
1772709240,+3.49,+10.677, +8.722,+0.902
1772709540,+3.49,+10.623, +8.741,+0.902
1772709840,+3.49,+10.559, +8.774,+0.902
1772710140,+3.49,+10.577, +8.814,+0.902
1772710440,+3.49,+10.568, +8.824,+0.902
1772710740,+3.49,+10.441, +8.885,+0.902
1772711040,+3.49,+10.332, +8.930,+0.901
1772711340,+3.49,+10.295, +8.984,+0.901
1772711640,+3.49,+10.268, +8.999,+0.901
1772711940,+3.49,+10.213, +9.026,+0.901
1772712240,+3.49,+10.177, +9.094,+0.901
1772712540,+3.49,+10.104, +9.153,+0.901
1772712840,+3.49,+10.085, +9.199,+0.901
1772713140,+3.49,+10.003, +9.255,+0.901
1772713440,+3.49, +9.829, +9.278,+0.901
1772713740,+3.49, +9.645, +9.313,+0.901
1772714040,+3.49, +9.516, +9.354,+0.901
1772714340,+3.49, +9.433, +9.423,+0.901
1772714640,+3.49, +9.442, +9.434,+0.901
1772714940,+3.49, +9.424, +9.463,+0.901
1772715240,+3.49, +9.461, +9.496,+0.902
1772715540,+3.49, +9.359, +9.518,+0.902
1772715840,+3.49, +9.248, +9.554,+0.901
1772716140,+3.49, +9.146, +9.609,+0.901
1772716440,+3.49, +8.997, +9.643,+0.901
1772716740,+3.49, +8.914, +9.671,+0.901
1772717040,+3.49, +8.960, +9.736,+0.901
1772717340,+3.49, +8.914, +9.765,+0.901
1772717640,+3.49, +8.932, +9.791,+0.901
1772717940,+3.49, +8.839, +9.839,+0.901
1772718240,+3.49, +8.755, +9.866,+0.901
1772718540,+3.49, +8.624, +9.922,+0.901
1772718840,+3.49, +8.484, +9.973,+0.901
1772719140,+3.49, +8.437, +9.999,+0.901
1772719440,+3.49, +8.418,+10.044,+0.901
1772719740,+3.49, +8.399,+10.055,+0.901
1772720040,+3.49, +8.390,+10.155,+0.901
1772720340,+3.49, +8.334,+10.197,+0.901
1772720640,+3.49, +8.249,+10.209,+0.901
1772720940,+3.49, +8.239,+10.193,+0.901
1772721240,+3.49, +8.230,+10.181,+0.901
1772721540,+3.49, +8.268,+10.175,+0.902
1772721840,+3.49, +8.239,+10.163,+0.901
1772722140,+3.49, +8.202,+10.190,+0.901
1772722440,+3.49, +8.126,+10.228,+0.901
1772722740,+3.49, +8.136,+10.239,+0.901
1772723040,+3.49, +8.060,+10.270,+0.900
1772723340,+3.49, +8.051,+10.326,+0.901
1772723640,+3.49, +8.070,+10.328,+0.900
1772723940,+3.49, +8.041,+10.382,+0.900
1772724240,+3.49, +8.107,+10.409,+0.900
1772724540,+3.49, +8.230,+10.428,+0.901
1772724840,+3.49, +8.287,+10.426,+0.900
1772725140,+3.49, +8.296,+10.451,+0.900
1772725440,+3.49, +8.315,+10.510,+0.900
1772725740,+3.49, +8.296,+10.552,+0.899
1772726040,+3.49, +8.221,+10.578,+0.899
1772726340,+3.49, +8.164,+10.660,+0.899
1772726640,+3.49, +8.277,+10.644,+0.898
1772726940,+3.49, +8.324,+10.657,+0.898
1772727240,+3.49, +8.390,+10.690,+0.899
1772727540,+3.49, +8.409,+10.715,+0.898
1772727840,+3.49, +8.484,+10.750,+0.899
1772728140,+3.48, +8.606,+10.754,+0.898
1772728440,+3.48, +8.811,+10.743,+0.899
1772728740,+3.49, +8.960,+10.707,+0.899
1772729040,+3.49, +9.090,+10.732,+0.899
1772729340,+3.49, +9.211,+10.745,+0.899
1772729640,+3.49, +9.294,+10.813,+0.899
1772729940,+3.49, +9.442,+10.806,+0.899
1772730240,+3.48, +9.608,+10.804,+0.899
1772730540,+3.48, +9.765,+10.809,+0.899
1772730840,+3.48, +9.911,+10.836,+0.899
1772731140,+3.48,+10.067,+10.830,+0.899
1772731440,+3.49,+10.222,+10.810,+0.899
1772731740,+3.49,+10.386,+10.800,+0.899
1772732040,+3.48,+10.514,+10.783,+0.899
1772732340,+3.48,+10.695,+10.761,+0.899
1772732640,+3.48,+10.912,+10.699,+0.899
1772732940,+3.48,+11.084,+10.660,+0.899
1772733240,+3.48,+11.264,+10.637,+0.898
1772733540,+3.49,+11.452,+10.603,+0.899
1772733840,+3.48,+11.640,+10.583,+0.899
1772734140,+3.48,+11.828,+10.528,+0.899
1772734440,+3.48,+12.006,+10.492,+0.899
1772734740,+3.48,+12.157,+10.418,+0.899
1772735040,+3.48,+12.308,+10.346,+0.899
1772735340,+3.48,+12.485,+10.067,+0.899
1772735640,+3.48,+12.706,+10.358,+0.899
1772735940,+3.48,+12.873,+10.309,+0.899
1772736240,+3.48,+13.075,+10.146,+0.899
1772736540,+3.48,+13.233,+10.099,+0.900
1772736840,+3.48,+13.400,+10.022,+0.899
1772737140,+3.48,+13.583, +9.941,+0.899
1772737440,+3.48,+13.740, +9.921,+0.899
1772737740,+3.48,+13.879, +9.908,+0.900
1772738040,+3.48,+14.027, +9.856,+0.899
1772738340,+3.48,+14.227, +9.802,+0.899
1772738640,+3.48,+14.383, +9.762,+0.899
1772738940,+3.48,+14.565, +9.711,+0.899
1772739240,+3.48,+14.729, +9.731,+0.899
1772739540,+3.48,+14.884, +9.640,+0.898
1772739840,+3.48,+15.048, +9.630,+0.898
1772740140,+3.48,+15.177, +9.582,+0.898
1772740440,+3.48,+15.306, +9.566,+0.898
1772740740,+3.48,+15.443, +9.542,+0.899
1772741040,+3.48,+15.597, +9.484,+0.898
1772741340,+3.48,+15.717, +9.463,+0.898
1772741640,+3.48,+15.777, +9.420,+0.898
1772741940,+3.48,+15.879, +9.395,+0.898
1772742240,+3.48,+15.973, +9.355,+0.898
1772742540,+3.48,+16.093, +9.318,+0.898
1772742840,+3.48,+16.229, +9.284,+0.898
1772743140,+3.48,+16.391, +9.244,+0.898
1772743440,+3.48,+16.527, +9.212,+0.898
1772743740,+3.47,+16.706, +9.170,+0.898
1772744040,+3.47,+16.799, +9.154,+0.898
1772744340,+3.48,+16.926, +9.124,+0.897
1772744640,+3.48,+17.003, +9.116,+0.898
1772744940,+3.48,+17.087, +9.085,+0.897
1772745240,+3.48,+17.138, +9.065,+0.897
1772745540,+3.48,+17.206, +9.053,+0.897
1772745840,+3.48,+17.274, +9.010,+0.897
1772746140,+3.48,+17.333, +8.998,+0.897
1772746440,+3.48,+17.392, +8.977,+0.897
1772746740,+3.48,+17.494, +8.959,+0.897
1772747040,+3.48,+17.595, +8.931,+0.897
1772747340,+3.48,+17.705, +8.918,+0.897
1772747640,+3.48,+17.798, +8.908,+0.897
1772747940,+3.48,+17.907, +8.904,+0.898
1772748240,+3.48,+17.958, +8.883,+0.897
1772748540,+3.48,+18.000, +8.883,+0.897
1772748840,+3.48,+18.076, +8.864,+0.897
1772749140,+3.48,+18.068, +8.847,+0.897
1772749440,+3.48,+18.135, +8.858,+0.897
1772749740,+3.48,+18.236, +8.822,+0.897
1772750040,+3.48,+18.228, +8.837,+0.897
1772750340,+3.48,+18.261, +8.819,+0.897
1772750640,+3.48,+18.278, +8.807,+0.896
1772750940,+3.48,+18.329, +8.812,+0.897
1772751240,+3.48,+18.388, +8.804,+0.897
1772751540,+3.48,+18.421, +8.814,+0.897
1772751840,+3.48,+18.430, +8.815,+0.897
1772752140,+3.48,+18.455, +8.795,+0.896
1772752440,+3.48,+18.404, +8.814,+0.897
