7450-361913
OS REV: 1.05 Sensor Cal: 1705524136
Time (sec),  BV (Volts),  T (deg C),  DO (mg/l),  Q ()
1768937940,+3.57,+14.979, +9.403,+0.913
1768938240,+3.57,+11.756, +9.873,+0.912
1768938540,+3.57,+11.470,+10.016,+0.915
1768938840,+3.57,+11.029,+10.156,+0.916
1768939140,+3.57,+10.731,+10.204,+0.917
1768939440,+3.57,+10.486,+10.216,+0.917
1768939740,+3.57,+10.259,+10.241,+0.917
1768940040,+3.57,+10.195,+10.297,+0.918
1768940340,+3.57,+10.168,+10.295,+0.917
1768940640,+3.57,+10.177,+10.345,+0.918
1768940940,+3.57,+10.213,+10.356,+0.918
1768941240,+3.57,+10.268,+10.352,+0.918
1768941540,+3.57,+10.304,+10.331,+0.918
1768941840,+3.57,+10.359,+10.320,+0.918
1768942140,+3.57,+10.432,+10.333,+0.917
1768942440,+3.57,+10.477,+10.363,+0.917
1768942740,+3.57,+10.532,+10.383,+0.918
1768943040,+3.57,+10.613,+10.360,+0.918
1768943340,+3.56,+10.650,+10.323,+0.918
1768943640,+3.56,+10.659,+10.298,+0.917
1768943940,+3.56,+10.686,+10.265,+0.918
1768944240,+3.56,+10.749,+10.217,+0.918
1768944540,+3.56,+10.849,+10.152,+0.917
1768944840,+3.56,+10.930,+10.191,+0.917
1768945140,+3.56,+10.966,+10.209,+0.917
1768945440,+3.56,+11.011,+10.212,+0.917
1768945740,+3.56,+11.039,+10.175,+0.918
1768946040,+3.56,+11.147,+10.243,+0.918
1768946340,+3.56,+11.219,+10.208,+0.917
1768946640,+3.56,+11.237,+10.186,+0.917
1768946940,+3.56,+11.246,+10.184,+0.917
1768947240,+3.56,+11.282,+10.114,+0.917
1768947540,+3.56,+11.380,+10.104,+0.917
1768947840,+3.56,+11.452,+10.170,+0.917
1768948140,+3.56,+11.506,+10.167,+0.917
1768948440,+3.56,+11.533,+10.160,+0.917
1768948740,+3.56,+11.524,+10.175,+0.917
1768949040,+3.56,+11.559,+10.177,+0.917
1768949340,+3.56,+11.577,+10.269,+0.917
1768949640,+3.56,+11.640,+10.330,+0.917
1768949940,+3.56,+11.568,+10.468,+0.916
1768950240,+3.56,+11.631,+10.708,+0.916
1768950540,+3.56,+11.685,+10.683,+0.917
1768950840,+3.56,+11.703,+10.670,+0.917
1768951140,+3.56,+11.729,+10.674,+0.917
1768951440,+3.56,+11.765,+10.671,+0.917
1768951740,+3.56,+11.765,+10.622,+0.917
1768952040,+3.56,+11.801,+10.552,+0.917
1768952340,+3.56,+11.801,+10.555,+0.917
1768952640,+3.56,+11.792,+10.648,+0.917
1768952940,+3.56,+11.792,+10.787,+0.917
1768953240,+3.56,+11.810,+10.780,+0.917
1768953540,+3.56,+11.810,+10.841,+0.917
1768953840,+3.56,+11.810,+10.738,+0.917
1768954140,+3.55,+11.819,+10.771,+0.917
1768954440,+3.55,+11.819,+10.820,+0.918
1768954740,+3.55,+11.810,+10.812,+0.917
1768955040,+3.55,+11.828,+10.810,+0.917
1768955340,+3.55,+11.828,+10.768,+0.917
1768955640,+3.55,+11.828,+10.747,+0.917
1768955940,+3.55,+11.810,+10.709,+0.917
1768956240,+3.55,+11.801,+10.686,+0.916
1768956540,+3.55,+11.783,+10.696,+0.917
1768956840,+3.55,+11.783,+10.698,+0.917
1768957140,+3.55,+11.738,+10.752,+0.917
1768957440,+3.55,+11.756,+10.821,+0.917
1768957740,+3.55,+11.720,+10.829,+0.918
1768958040,+3.55,+11.738,+10.794,+0.917
1768958340,+3.55,+11.703,+10.793,+0.917
1768958640,+3.55,+11.703,+10.769,+0.916
1768958940,+3.55,+11.694,+10.776,+0.917
1768959240,+3.55,+11.658,+10.772,+0.917
1768959540,+3.55,+11.622,+10.843,+0.916
1768959840,+3.55,+11.604,+10.903,+0.917
1768960140,+3.55,+11.568,+10.919,+0.917
1768960440,+3.55,+11.577,+10.884,+0.917
1768960740,+3.55,+11.542,+10.902,+0.917
1768961040,+3.55,+11.497,+10.895,+0.917
1768961340,+3.55,+11.461,+10.910,+0.918
1768961640,+3.55,+11.425,+10.900,+0.917
1768961940,+3.55,+11.434,+10.876,+0.917
1768962240,+3.55,+11.407,+10.848,+0.917
1768962540,+3.55,+11.362,+10.830,+0.917
1768962840,+3.55,+11.326,+10.826,+0.917
1768963140,+3.55,+11.308,+10.796,+0.917
1768963440,+3.55,+11.290,+10.804,+0.917
1768963740,+3.54,+11.237,+10.807,+0.917
1768964040,+3.54,+11.228,+10.780,+0.917
1768964340,+3.54,+11.183,+10.778,+0.917
1768964640,+3.54,+11.147,+10.777,+0.917
1768964940,+3.54,+11.129,+10.766,+0.917
1768965240,+3.54,+11.102,+10.758,+0.918
1768965540,+3.54,+11.066,+10.708,+0.916
1768965840,+3.54,+11.048,+10.711,+0.917
1768966140,+3.54,+11.039,+10.699,+0.918
1768966440,+3.54,+11.020,+10.670,+0.917
1768966740,+3.54,+11.002,+10.669,+0.917
1768967040,+3.54,+10.939,+10.693,+0.917
1768967340,+3.54,+10.894,+10.730,+0.917
1768967640,+3.54,+10.885,+10.706,+0.917
1768967940,+3.54,+10.876,+10.688,+0.917
1768968240,+3.54,+10.867,+10.680,+0.917
1768968540,+3.54,+10.822,+10.674,+0.917
1768968840,+3.54,+10.822,+10.627,+0.917
1768969140,+3.54,+10.758,+10.634,+0.917
1768969440,+3.54,+10.749,+10.615,+0.917
1768969740,+3.54,+10.722,+10.550,+0.917
1768970040,+3.54,+10.695,+10.536,+0.917
1768970340,+3.54,+10.659,+10.539,+0.917
1768970640,+3.54,+10.623,+10.507,+0.917
1768970940,+3.54,+10.559,+10.529,+0.916
1768971240,+3.54,+10.559,+10.536,+0.917
1768971540,+3.54,+10.523,+10.528,+0.917
1768971840,+3.54,+10.505,+10.519,+0.917
1768972140,+3.54,+10.477,+10.493,+0.917
1768972440,+3.54,+10.423,+10.473,+0.917
1768972740,+3.54,+10.377,+10.448,+0.917
1768973040,+3.54,+10.332,+10.439,+0.917
1768973340,+3.54,+10.314,+10.429,+0.916
1768973640,+3.54,+10.314,+10.418,+0.917
1768973940,+3.54,+10.277,+10.396,+0.917
1768974240,+3.54,+10.222,+10.338,+0.917
1768974540,+3.54,+10.149,+10.365,+0.917
1768974840,+3.54,+10.113,+10.358,+0.916
1768975140,+3.54,+10.076,+10.329,+0.916
1768975440,+3.54,+10.030,+10.328,+0.917
1768975740,+3.54,+10.021,+10.318,+0.917
1768976040,+3.54, +9.994,+10.300,+0.917
1768976340,+3.54, +9.966,+10.289,+0.917
1768976640,+3.54, +9.930,+10.245,+0.917
1768976940,+3.54, +9.939,+10.236,+0.917
1768977240,+3.54, +9.893,+10.239,+0.916
1768977540,+3.54, +9.911,+10.248,+0.917
1768977840,+3.54, +9.902,+10.271,+0.917
1768978140,+3.54, +9.884,+10.255,+0.917
1768978440,+3.54, +9.856,+10.229,+0.917
1768978740,+3.54, +9.829,+10.212,+0.916
1768979040,+3.54, +9.801,+10.232,+0.917
1768979340,+3.54, +9.792,+10.244,+0.917
1768979640,+3.54, +9.811,+10.237,+0.917
1768979940,+3.53, +9.792,+10.233,+0.917
1768980240,+3.53, +9.792,+10.204,+0.916
1768980540,+3.53, +9.774,+10.210,+0.917
1768980840,+3.53, +9.765,+10.208,+0.917
1768981140,+3.53, +9.746,+10.194,+0.917
1768981440,+3.53, +9.746,+10.190,+0.917
1768981740,+3.53, +9.737,+10.106,+0.917
1768982040,+3.53, +9.719,+10.110,+0.917
1768982340,+3.53, +9.709,+10.111,+0.916
1768982640,+3.53, +9.691,+10.134,+0.917
1768982940,+3.53, +9.700,+10.070,+0.917
1768983240,+3.53, +9.682,+10.063,+0.916
1768983540,+3.53, +9.719,+10.029,+0.917
1768983840,+3.53, +9.728,+10.008,+0.917
1768984140,+3.53, +9.746, +9.970,+0.917
1768984440,+3.53, +9.737, +9.939,+0.917
1768984740,+3.53, +9.737, +9.938,+0.917
1768985040,+3.53, +9.728, +9.881,+0.917
1768985340,+3.53, +9.737, +9.836,+0.917
1768985640,+3.53, +9.728, +9.826,+0.916
1768985940,+3.53, +9.737, +9.832,+0.916
1768986240,+3.53, +9.700, +9.833,+0.917
1768986540,+3.53, +9.719, +9.751,+0.917
1768986840,+3.53, +9.709, +9.737,+0.917
1768987140,+3.53, +9.700, +9.827,+0.917
1768987440,+3.53, +9.673, +9.871,+0.917
1768987740,+3.53, +9.636, +9.845,+0.917
1768988040,+3.53, +9.627, +9.855,+0.917
1768988340,+3.53, +9.627, +9.815,+0.917
1768988640,+3.53, +9.627, +9.823,+0.917
1768988940,+3.53, +9.608, +9.815,+0.917
1768989240,+3.53, +9.590, +9.808,+0.917
1768989540,+3.53, +9.599, +9.784,+0.916
1768989840,+3.53, +9.581, +9.779,+0.917
1768990140,+3.53, +9.608, +9.785,+0.917
1768990440,+3.53, +9.581, +9.767,+0.916
1768990740,+3.53, +9.535, +9.787,+0.916
1768991040,+3.53, +9.516, +9.818,+0.917
1768991340,+3.53, +9.498, +9.832,+0.917
1768991640,+3.53, +9.498, +9.823,+0.917
1768991940,+3.53, +9.498, +9.801,+0.917
1768992240,+3.53, +9.470, +9.803,+0.917
1768992540,+3.53, +9.461, +9.800,+0.917
1768992840,+3.53, +9.442, +9.802,+0.916
1768993140,+3.53, +9.442, +9.773,+0.917
1768993440,+3.53, +9.415, +9.784,+0.917
1768993740,+3.53, +9.415, +9.801,+0.917
1768994040,+3.53, +9.378, +9.810,+0.917
1768994340,+3.53, +9.405, +9.780,+0.916
1768994640,+3.53, +9.387, +9.794,+0.916
1768994940,+3.53, +9.359, +9.789,+0.916
1768995240,+3.53, +9.359, +9.776,+0.916
1768995540,+3.53, +9.350, +9.785,+0.917
1768995840,+3.53, +9.350, +9.746,+0.916
1768996140,+3.53, +9.341, +9.761,+0.917
1768996440,+3.53, +9.313, +9.754,+0.917
1768996740,+3.53, +9.313, +9.727,+0.916
1768997040,+3.53, +9.304, +9.735,+0.916
1768997340,+3.53, +9.294, +9.748,+0.917
1768997640,+3.53, +9.304, +9.735,+0.917
1768997940,+3.53, +9.276, +9.747,+0.917
1768998240,+3.53, +9.276, +9.764,+0.917
1768998540,+3.53, +9.285, +9.750,+0.916
1768998840,+3.53, +9.304, +9.739,+0.917
1768999140,+3.53, +9.267, +9.742,+0.917
1768999440,+3.53, +9.267, +9.710,+0.917
1768999740,+3.53, +9.239, +9.706,+0.917
1769000040,+3.53, +9.239, +9.715,+0.917
1769000340,+3.53, +9.257, +9.700,+0.916
1769000640,+3.53, +9.230, +9.720,+0.917
1769000940,+3.53, +9.230, +9.681,+0.916
1769001240,+3.53, +9.239, +9.660,+0.916
1769001540,+3.53, +9.239, +9.656,+0.917
1769001840,+3.53, +9.230, +9.659,+0.916
1769002140,+3.52, +9.248, +9.639,+0.917
1769002440,+3.52, +9.239, +9.623,+0.917
1769002740,+3.52, +9.230, +9.623,+0.917
1769003040,+3.52, +9.230, +9.598,+0.917
1769003340,+3.52, +9.192, +9.587,+0.916
1769003640,+3.52, +9.192, +9.571,+0.916
1769003940,+3.52, +9.192, +9.578,+0.917
1769004240,+3.52, +9.183, +9.563,+0.916
1769004540,+3.52, +9.192, +9.544,+0.916
1769004840,+3.52, +9.192, +9.497,+0.916
1769005140,+3.52, +9.183, +9.498,+0.916
1769005440,+3.52, +9.155, +9.450,+0.916
1769005740,+3.52, +9.174, +9.447,+0.916
1769006040,+3.52, +9.146, +9.464,+0.916
1769006340,+3.52, +9.146, +9.448,+0.916
1769006640,+3.52, +9.137, +9.457,+0.916
1769006940,+3.52, +9.128, +9.465,+0.916
1769007240,+3.52, +9.137, +9.467,+0.916
1769007540,+3.52, +9.146, +9.456,+0.916
1769007840,+3.52, +9.128, +9.463,+0.917
1769008140,+3.52, +9.118, +9.417,+0.916
1769008440,+3.52, +9.109, +9.432,+0.916
1769008740,+3.52, +9.090, +9.437,+0.916
1769009040,+3.52, +9.109, +9.400,+0.916
1769009340,+3.52, +9.072, +9.417,+0.916
1769009640,+3.52, +9.072, +9.414,+0.916
1769009940,+3.52, +9.072, +9.397,+0.916
1769010240,+3.52, +9.053, +9.396,+0.916
1769010540,+3.52, +9.053, +9.403,+0.917
1769010840,+3.52, +9.053, +9.388,+0.916
1769011140,+3.52, +9.044, +9.390,+0.916
1769011440,+3.52, +9.035, +9.317,+0.916
1769011740,+3.52, +9.025, +9.308,+0.916
1769012040,+3.52, +9.035, +9.315,+0.916
1769012340,+3.52, +9.016, +9.298,+0.916
1769012640,+3.52, +9.025, +9.265,+0.916
1769012940,+3.52, +8.997, +9.239,+0.916
1769013240,+3.52, +8.988, +9.283,+0.916
1769013540,+3.52, +8.997, +9.310,+0.916
1769013840,+3.52, +9.007, +9.303,+0.916
1769014140,+3.52, +9.007, +9.314,+0.916
1769014440,+3.52, +9.007, +9.310,+0.917
1769014740,+3.52, +9.016, +9.274,+0.916
1769015040,+3.52, +9.035, +9.261,+0.916
1769015340,+3.52, +9.007, +9.246,+0.916
1769015640,+3.52, +9.016, +9.356,+0.916
1769015940,+3.52, +9.016, +9.378,+0.916
1769016240,+3.52, +9.081, +9.327,+0.917
1769016540,+3.52, +9.044, +9.358,+0.916
1769016840,+3.52, +9.072, +9.331,+0.916
1769017140,+3.52, +9.100, +9.346,+0.916
1769017440,+3.52, +9.090, +9.364,+0.916
1769017740,+3.52, +9.081, +9.384,+0.916
1769018040,+3.51, +9.100, +9.316,+0.916
1769018340,+3.51, +9.165, +9.283,+0.916
1769018640,+3.51, +9.192, +9.332,+0.916
1769018940,+3.51, +9.211, +9.386,+0.916
1769019240,+3.51, +9.267, +9.425,+0.917
1769019540,+3.51, +9.313, +9.453,+0.916
1769019840,+3.51, +9.405, +9.530,+0.916
1769020140,+3.51, +9.415, +9.559,+0.916
1769020440,+3.51, +9.470, +9.630,+0.916
1769020740,+3.51, +9.507, +9.650,+0.916
1769021040,+3.51, +9.581, +9.641,+0.916
1769021340,+3.51, +9.608, +9.744,+0.916
1769021640,+3.51, +9.636, +9.762,+0.916
1769021940,+3.51, +9.682, +9.725,+0.916
1769022240,+3.51, +9.691, +9.723,+0.916
1769022540,+3.51, +9.691, +9.733,+0.916
1769022840,+3.51, +9.719, +9.718,+0.916
1769023140,+3.51, +9.765, +9.690,+0.916
1769023440,+3.51, +9.792, +9.721,+0.916
1769023740,+3.51, +9.838, +9.735,+0.916
1769024040,+3.51, +9.856, +9.730,+0.916
1769024340,+3.51, +9.875, +9.706,+0.916
