7450-340250
OS REV: 1.05 Sensor Cal: 1705524272
Time (sec),  BV (Volts),  T (deg C),  DO (mg/l),  Q ()
1720291440,+3.54,+25.973, +5.600,+0.958
1720291740,+3.54,+26.023, +5.673,+0.958
1720292040,+3.54,+26.065, +5.641,+0.958
1720292340,+3.54,+26.108, +5.663,+0.958
1720292640,+3.54,+26.167, +5.712,+0.959
1720292940,+3.54,+26.234, +5.747,+0.958
1720293240,+3.54,+26.259, +5.790,+0.958
1720293540,+3.54,+26.344, +5.835,+0.958
1720293840,+3.54,+26.403, +5.898,+0.958
1720294140,+3.54,+26.445, +5.907,+0.958
1720294440,+3.54,+26.496, +5.955,+0.958
1720294740,+3.55,+26.580, +6.031,+0.958
1720295040,+3.55,+26.648, +6.024,+0.958
1720295340,+3.55,+26.724, +6.130,+0.958
1720295640,+3.55,+26.826, +6.170,+0.958
1720295940,+3.55,+26.868, +6.202,+0.958
1720296240,+3.55,+26.936, +6.196,+0.958
1720296540,+3.54,+27.012, +6.244,+0.958
1720296840,+3.54,+27.114, +6.328,+0.959
1720297140,+3.54,+27.165, +6.326,+0.958
1720297440,+3.54,+27.266, +6.398,+0.958
1720297740,+3.54,+27.317, +6.447,+0.957
1720298040,+3.54,+27.402, +6.487,+0.958
1720298340,+3.54,+27.512, +6.541,+0.958
1720298640,+3.54,+27.572, +6.562,+0.959
1720298940,+3.54,+27.648, +6.574,+0.958
1720299240,+3.55,+27.716, +6.570,+0.958
1720299540,+3.55,+27.742, +6.618,+0.958
1720299840,+3.54,+27.801, +6.600,+0.958
1720300140,+3.55,+27.844, +6.581,+0.958
1720300440,+3.54,+27.895, +3.676,+0.957
1720300740,+3.54,+27.921, +3.784,+0.957
1720301040,+3.54,+27.980, +3.865,+0.957
1720301340,+3.54,+28.023, +3.953,+0.957
1720301640,+3.54,+28.099, +4.098,+0.957
1720301940,+3.54,+28.244, +3.650,+0.957
1720302240,+3.54,+28.287, +3.737,+0.957
1720302540,+3.54,+28.347, +3.830,+0.957
1720302840,+3.54,+28.398, +3.920,+0.957
1720303140,+3.54,+28.475, +4.005,+0.957
1720303440,+3.54,+28.526, +4.102,+0.957
1720303740,+3.54,+28.594, +4.191,+0.957
1720304040,+3.54,+28.603, +4.265,+0.957
1720304340,+3.54,+28.543, +4.345,+0.957
1720304640,+3.54,+28.364, +4.417,+0.957
1720304940,+3.54,+28.202, +4.495,+0.958
1720305240,+3.54,+28.116, +4.558,+0.958
1720305540,+3.54,+28.116, +4.615,+0.957
1720305840,+3.54,+28.125, +4.670,+0.958
1720306140,+3.54,+28.108, +4.713,+0.958
1720306440,+3.54,+28.074, +4.763,+0.958
1720306740,+3.54,+28.125, +4.812,+0.957
1720307040,+3.54,+28.142, +4.873,+0.957
1720307340,+3.54,+28.159, +4.943,+0.957
1720307640,+3.54,+28.185, +5.005,+0.958
1720307940,+3.54,+28.236, +5.066,+0.958
1720308240,+3.54,+28.219, +5.111,+0.958
1720308540,+3.54,+28.441, +5.165,+0.958
1720308840,+3.55,+28.971, +5.195,+0.957
1720309140,+3.54,+29.185, +5.253,+0.957
1720309440,+3.54,+29.262, +5.319,+0.957
1720309740,+3.54,+29.288, +5.369,+0.957
1720310040,+3.55,+29.116, +5.436,+0.957
1720310340,+3.55,+28.945, +5.493,+0.957
1720310640,+3.55,+28.808, +5.544,+0.957
1720310940,+3.54,+28.722, +5.584,+0.957
1720311240,+3.54,+28.628, +5.626,+0.958
1720311540,+3.54,+28.586, +5.663,+0.958
1720311840,+3.54,+28.500, +5.699,+0.958
1720312140,+3.54,+28.534, +5.742,+0.958
1720312440,+3.54,+28.628, +5.807,+0.958
1720312740,+3.54,+28.705, +5.844,+0.958
1720313040,+3.54,+28.697, +5.876,+0.958
1720313340,+3.54,+28.714, +5.933,+0.958
1720313640,+3.55,+28.971, +5.961,+0.957
1720313940,+3.55,+29.039, +6.011,+0.957
1720314240,+3.55,+29.065, +6.063,+0.958
1720314540,+3.54,+29.219, +6.107,+0.958
1720314840,+3.54,+29.305, +6.149,+0.958
1720315140,+3.54,+29.339, +6.182,+0.957
1720315440,+3.55,+29.262, +6.244,+0.957
1720315740,+3.55,+29.253, +6.285,+0.958
1720316040,+3.55,+29.262, +6.290,+0.957
1720316340,+3.55,+29.228, +6.320,+0.958
1720316640,+3.55,+29.159, +6.342,+0.958
1720316940,+3.55,+29.073, +6.366,+0.958
1720317240,+3.55,+29.022, +6.386,+0.958
1720317540,+3.55,+29.022, +6.407,+0.958
1720317840,+3.55,+29.048, +6.431,+0.958
1720318140,+3.55,+29.048, +6.447,+0.958
1720318440,+3.55,+29.048, +6.460,+0.958
1720318740,+3.55,+29.022, +6.469,+0.958
1720319040,+3.55,+29.039, +6.494,+0.958
1720319340,+3.55,+28.979, +6.516,+0.958
1720319640,+3.55,+28.936, +6.548,+0.959
1720319940,+3.55,+28.919, +6.556,+0.958
1720320240,+3.55,+28.774, +6.580,+0.958
1720320540,+3.54,+28.671, +6.605,+0.958
1720320840,+3.54,+28.552, +6.618,+0.958
1720321140,+3.55,+28.526, +6.631,+0.958
1720321440,+3.55,+28.432, +6.654,+0.959
1720321740,+3.55,+28.483, +6.652,+0.959
1720322040,+3.54,+28.534, +6.651,+0.959
1720322340,+3.55,+28.560, +6.648,+0.958
1720322640,+3.54,+28.526, +6.647,+0.958
1720322940,+3.55,+28.449, +6.659,+0.959
1720323240,+3.55,+28.364, +6.660,+0.958
1720323540,+3.55,+28.398, +6.669,+0.959
1720323840,+3.55,+28.372, +6.695,+0.959
1720324140,+3.55,+28.423, +6.697,+0.959
1720324440,+3.55,+28.381, +6.721,+0.959
1720324740,+3.55,+28.347, +6.733,+0.958
1720325040,+3.55,+28.313, +6.745,+0.958
1720325340,+3.55,+28.244, +6.785,+0.959
1720325640,+3.55,+28.227, +6.783,+0.958
1720325940,+3.55,+28.202, +6.808,+0.959
1720326240,+3.55,+28.159, +6.810,+0.958
1720326540,+3.55,+28.142, +6.826,+0.959
1720326840,+3.55,+28.091, +6.828,+0.959
1720327140,+3.55,+28.057, +6.830,+0.959
1720327440,+3.55,+27.997, +6.831,+0.959
1720327740,+3.55,+27.665, +6.855,+0.959
1720328040,+3.55,+27.419, +6.857,+0.958
1720328340,+3.55,+27.309, +6.855,+0.959
1720328640,+3.55,+27.224, +6.849,+0.959
1720328940,+3.55,+27.190, +6.819,+0.958
1720329240,+3.55,+27.156, +6.812,+0.959
1720329540,+3.55,+27.139, +6.789,+0.959
1720329840,+3.55,+27.088, +6.769,+0.959
1720330140,+3.55,+27.046, +6.743,+0.959
1720330440,+3.55,+27.037, +6.721,+0.959
1720330740,+3.55,+27.004, +6.711,+0.960
1720331040,+3.55,+26.978, +6.691,+0.960
1720331340,+3.55,+26.961, +6.661,+0.959
1720331640,+3.55,+26.944, +6.627,+0.959
1720331940,+3.55,+26.910, +6.604,+0.959
1720332240,+3.55,+26.893, +6.580,+0.959
1720332540,+3.55,+26.860, +6.553,+0.959
1720332840,+3.55,+26.834, +6.531,+0.959
1720333140,+3.55,+26.809, +6.495,+0.959
1720333440,+3.55,+26.792, +6.476,+0.960
1720333740,+3.55,+26.750, +6.449,+0.959
1720334040,+3.55,+26.707, +6.421,+0.959
1720334340,+3.55,+26.707, +6.389,+0.959
1720334640,+3.55,+26.673, +6.360,+0.959
1720334940,+3.55,+26.648, +6.330,+0.960
1720335240,+3.55,+26.614, +6.301,+0.960
1720335540,+3.55,+26.589, +6.267,+0.959
1720335840,+3.55,+26.589, +6.229,+0.959
1720336140,+3.55,+26.555, +6.193,+0.959
1720336440,+3.55,+26.547, +6.153,+0.959
1720336740,+3.55,+26.521, +6.123,+0.959
1720337040,+3.55,+26.513, +6.089,+0.959
1720337340,+3.55,+26.504, +6.052,+0.959
1720337640,+3.55,+26.471, +6.020,+0.958
1720337940,+3.55,+26.471, +5.993,+0.959
1720338240,+3.55,+26.454, +5.959,+0.959
1720338540,+3.55,+26.462, +5.927,+0.959
1720338840,+3.55,+26.445, +5.887,+0.958
1720339140,+3.55,+26.428, +5.873,+0.959
1720339440,+3.55,+26.445, +5.826,+0.959
1720339740,+3.55,+26.403, +5.801,+0.959
1720340040,+3.55,+26.395, +5.778,+0.959
1720340340,+3.55,+26.386, +5.736,+0.958
1720340640,+3.55,+26.403, +5.710,+0.959
1720340940,+3.55,+26.378, +5.690,+0.959
1720341240,+3.55,+26.386, +5.661,+0.959
1720341540,+3.55,+26.386, +5.628,+0.959
1720341840,+3.55,+26.386, +5.603,+0.959
1720342140,+3.55,+26.386, +5.577,+0.958
1720342440,+3.55,+26.386, +5.555,+0.958
1720342740,+3.55,+26.386, +5.530,+0.959
1720343040,+3.55,+26.386, +5.517,+0.959
1720343340,+3.55,+26.386, +5.491,+0.959
1720343640,+3.55,+26.395, +5.474,+0.959
1720343940,+3.55,+26.403, +5.450,+0.958
1720344240,+3.55,+26.403, +5.436,+0.959
1720344540,+3.55,+26.395, +5.418,+0.958
1720344840,+3.55,+26.395, +5.401,+0.958
1720345140,+3.55,+26.403, +5.388,+0.958
1720345440,+3.55,+26.395, +5.373,+0.959
1720345740,+3.55,+26.395, +5.352,+0.959
1720346040,+3.55,+26.369, +5.335,+0.958
1720346340,+3.55,+26.378, +5.314,+0.958
1720346640,+3.55,+26.352, +5.305,+0.958
1720346940,+3.55,+26.369, +5.294,+0.958
1720347240,+3.55,+26.369, +5.282,+0.958
1720347540,+3.55,+26.369, +5.278,+0.959
1720347840,+3.55,+26.386, +5.268,+0.959
1720348140,+3.55,+26.395, +5.265,+0.959
1720348440,+3.55,+26.403, +5.270,+0.959
1720348740,+3.55,+26.411, +5.266,+0.958
1720349040,+3.55,+26.411, +5.259,+0.958
1720349340,+3.55,+26.428, +5.266,+0.959
1720349640,+3.55,+26.420, +5.258,+0.958
1720349940,+3.55,+26.420, +5.266,+0.959
1720350240,+3.55,+26.420, +5.266,+0.959
1720350540,+3.55,+26.395, +5.264,+0.958
1720350840,+3.55,+26.386, +5.268,+0.958
1720351140,+3.55,+26.395, +5.266,+0.959
1720351440,+3.55,+26.378, +5.273,+0.959
1720351740,+3.55,+26.403, +5.270,+0.958
1720352040,+3.55,+26.411, +5.276,+0.959
1720352340,+3.55,+26.420, +5.279,+0.959
1720352640,+3.55,+26.437, +5.275,+0.959
1720352940,+3.55,+26.420, +5.288,+0.959
1720353240,+3.55,+26.420, +5.288,+0.958
1720353540,+3.55,+26.437, +5.289,+0.958
1720353840,+3.55,+26.428, +5.294,+0.958
1720354140,+3.55,+26.403, +5.301,+0.959
1720354440,+3.55,+26.378, +5.310,+0.959
1720354740,+3.55,+26.344, +5.319,+0.959
1720355040,+3.55,+26.327, +5.325,+0.959
1720355340,+3.55,+26.310, +5.328,+0.959
1720355640,+3.55,+26.285, +5.327,+0.958
1720355940,+3.55,+26.251, +5.340,+0.958
1720356240,+3.55,+26.234, +5.343,+0.959
1720356540,+3.55,+26.200, +5.351,+0.959
1720356840,+3.55,+26.158, +5.358,+0.959
1720357140,+3.55,+26.141, +5.357,+0.958
1720357440,+3.55,+26.124, +5.359,+0.959
1720357740,+3.55,+26.108, +5.359,+0.958
1720358040,+3.55,+26.108, +5.360,+0.959
1720358340,+3.55,+26.082, +5.360,+0.958
1720358640,+3.55,+26.057, +5.368,+0.959
1720358940,+3.55,+26.040, +5.358,+0.958
1720359240,+3.55,+26.023, +5.360,+0.959
1720359540,+3.55,+26.032, +5.356,+0.959
1720359840,+3.55,+26.015, +5.357,+0.959
1720360140,+3.55,+26.006, +5.353,+0.958
1720360440,+3.55,+26.006, +5.352,+0.958
1720360740,+3.55,+25.989, +5.358,+0.958
1720361040,+3.55,+25.989, +5.360,+0.958
1720361340,+3.55,+25.981, +5.356,+0.958
1720361640,+3.55,+25.973, +5.367,+0.958
1720361940,+3.55,+25.964, +5.378,+0.958
1720362240,+3.55,+25.956, +5.386,+0.958
1720362540,+3.55,+25.939, +5.388,+0.959
1720362840,+3.55,+25.939, +5.387,+0.958
1720363140,+3.55,+25.922, +5.399,+0.959
1720363440,+3.55,+25.922, +5.407,+0.959
1720363740,+3.55,+25.897, +5.410,+0.959
1720364040,+3.55,+25.914, +5.404,+0.958
1720364340,+3.55,+25.888, +5.423,+0.958
1720364640,+3.55,+25.871, +5.426,+0.958
1720364940,+3.55,+25.871, +5.439,+0.959
1720365240,+3.55,+25.871, +5.443,+0.959
1720365540,+3.55,+25.863, +5.448,+0.959
1720365840,+3.55,+25.888, +5.443,+0.959
1720366140,+3.55,+25.888, +5.445,+0.958
1720366440,+3.55,+25.897, +5.455,+0.959
1720366740,+3.55,+25.897, +5.448,+0.959
1720367040,+3.55,+25.897, +5.445,+0.959
1720367340,+3.55,+25.888, +5.451,+0.959
1720367640,+3.55,+25.897, +5.455,+0.959
1720367940,+3.55,+25.905, +5.454,+0.959
1720368240,+3.55,+25.880, +5.464,+0.959
1720368540,+3.55,+25.880, +5.465,+0.959
1720368840,+3.55,+25.880, +5.463,+0.959
1720369140,+3.55,+25.880, +5.476,+0.959
1720369440,+3.55,+25.880, +5.476,+0.958
1720369740,+3.55,+25.880, +5.525,+0.958
1720370040,+3.55,+25.855, +5.508,+0.958
1720370340,+3.55,+25.863, +5.492,+0.958
1720370640,+3.55,+25.855, +5.492,+0.959
1720370940,+3.55,+25.871, +5.496,+0.959
1720371240,+3.55,+25.871, +5.484,+0.958
1720371540,+3.55,+25.863, +5.488,+0.959
1720371840,+3.55,+25.880, +5.474,+0.958
1720372140,+3.55,+25.897, +5.480,+0.959
1720372440,+3.55,+25.897, +5.484,+0.958
1720372740,+3.55,+25.914, +5.474,+0.958
1720373040,+3.55,+25.914, +5.465,+0.959
1720373340,+3.55,+25.930, +5.460,+0.958
1720373640,+3.55,+25.939, +5.469,+0.959
1720373940,+3.55,+25.964, +5.462,+0.959
1720374240,+3.55,+25.956, +5.460,+0.958
1720374540,+3.55,+25.981, +5.454,+0.958
1720374840,+3.55,+25.981, +5.442,+0.959
1720375140,+3.55,+25.998, +5.443,+0.959
1720375440,+3.55,+26.032, +5.438,+0.958
1720375740,+3.55,+26.057, +5.441,+0.959
1720376040,+3.55,+26.032, +5.431,+0.959
1720376340,+3.55,+26.065, +5.429,+0.958
1720376640,+3.55,+26.091, +5.433,+0.959
1720376940,+3.55,+26.124, +5.437,+0.959
1720377240,+3.55,+26.133, +5.439,+0.959
1720377540,+3.55,+26.167, +5.438,+0.958
1720377840,+3.55,+26.200, +5.461,+0.959
