7450-340250
OS REV: 1.05 Sensor Cal: 1705524272
Time (sec),  BV (Volts),  T (deg C),  DO (mg/l),  Q ()
1724009400,+3.53,+22.626, +7.859,+0.958
1724009700,+3.53,+22.643, +7.871,+0.960
1724010000,+3.53,+22.701, +7.854,+0.959
1724010300,+3.53,+22.752, +7.850,+0.959
1724010600,+3.53,+22.768, +7.826,+0.959
1724010900,+3.53,+22.827, +7.756,+0.958
1724011200,+3.53,+22.877, +7.906,+0.959
1724011500,+3.53,+22.919, +8.017,+0.959
1724011800,+3.53,+22.994, +8.028,+0.959
1724012100,+3.53,+23.136, +8.072,+0.959
1724012400,+3.53,+23.178, +8.007,+0.959
1724012700,+3.53,+23.170, +8.014,+0.959
1724013000,+3.53,+23.119, +8.025,+0.958
1724013300,+3.53,+23.078, +8.024,+0.958
1724013600,+3.53,+22.852, +7.660,+0.958
1724013900,+3.53,+22.760, +7.383,+0.958
1724014200,+3.53,+22.693, +7.429,+0.958
1724014500,+3.53,+22.668, +7.355,+0.958
1724014800,+3.53,+22.710, +7.373,+0.959
1724015100,+3.53,+22.777, +7.457,+0.959
1724015400,+3.53,+22.844, +7.455,+0.959
1724015700,+3.53,+23.078, +7.858,+0.960
1724016000,+3.53,+23.379, +8.002,+0.960
1724016300,+3.53,+23.554, +8.059,+0.959
1724016600,+3.53,+23.797, +8.154,+0.959
1724016900,+3.53,+23.797, +8.013,+0.959
1724017200,+3.53,+23.755, +8.091,+0.958
1724017500,+3.53,+23.571, +7.814,+0.958
1724017800,+3.53,+23.529, +7.812,+0.958
1724018100,+3.53,+23.487, +7.871,+0.959
1724018400,+3.53,+23.412, +7.707,+0.958
1724018700,+3.53,+23.454, +7.793,+0.958
1724019000,+3.53,+23.462, +7.767,+0.959
1724019300,+3.53,+23.462, +7.710,+0.959
1724019600,+3.53,+23.571, +7.819,+0.958
1724019900,+3.53,+23.571, +7.780,+0.958
1724020200,+3.53,+23.596, +7.791,+0.959
1724020500,+3.53,+23.630, +7.825,+0.958
1724020800,+3.53,+23.655, +7.793,+0.959
1724021100,+3.53,+23.697, +7.892,+0.959
1724021400,+3.53,+23.739, +7.882,+0.959
1724021700,+3.53,+23.655, +7.869,+0.959
1724022000,+3.53,+23.655, +7.796,+0.958
1724022300,+3.53,+23.638, +7.731,+0.959
1724022600,+3.53,+23.630, +7.755,+0.959
1724022900,+3.53,+23.672, +7.747,+0.958
1724023200,+3.53,+23.596, +7.655,+0.959
1724023500,+3.53,+23.613, +7.752,+0.959
1724023800,+3.53,+23.588, +7.720,+0.958
1724024100,+3.53,+23.613, +7.723,+0.958
1724024400,+3.53,+23.596, +7.699,+0.959
1724024700,+3.53,+23.580, +7.668,+0.959
1724025000,+3.53,+23.563, +7.673,+0.958
1724025300,+3.53,+23.538, +7.696,+0.959
1724025600,+3.53,+23.554, +7.828,+0.959
1724025900,+3.53,+23.513, +7.719,+0.959
1724026200,+3.53,+23.454, +7.633,+0.958
1724026500,+3.53,+23.421, +7.676,+0.959
1724026800,+3.53,+23.379, +7.605,+0.958
1724027100,+3.53,+23.354, +7.582,+0.958
1724027400,+3.53,+23.287, +7.628,+0.959
1724027700,+3.53,+23.320, +7.582,+0.959
1724028000,+3.53,+23.237, +7.512,+0.958
1724028300,+3.53,+23.178, +7.434,+0.958
1724028600,+3.53,+23.153, +7.412,+0.959
1724028900,+3.53,+23.136, +7.423,+0.958
1724029200,+3.53,+23.094, +7.323,+0.958
1724029500,+3.53,+23.086, +7.332,+0.958
1724029800,+3.53,+23.086, +7.327,+0.958
1724030100,+3.53,+23.053, +7.297,+0.958
1724030400,+3.53,+23.019, +7.286,+0.958
1724030700,+3.53,+22.986, +7.268,+0.958
1724031000,+3.53,+22.952, +7.185,+0.958
1724031300,+3.53,+22.910, +7.067,+0.958
1724031600,+3.53,+22.877, +7.026,+0.958
1724031900,+3.53,+22.852, +7.024,+0.958
1724032200,+3.53,+22.860, +7.088,+0.958
1724032500,+3.53,+22.835, +7.078,+0.958
1724032800,+3.53,+22.802, +7.040,+0.958
1724033100,+3.53,+22.785, +7.022,+0.958
1724033400,+3.53,+22.777, +7.011,+0.958
1724033700,+3.53,+22.777, +7.009,+0.958
1724034000,+3.53,+22.760, +7.001,+0.959
1724034300,+3.53,+22.727, +6.971,+0.958
1724034600,+3.53,+22.718, +6.965,+0.958
1724034900,+3.53,+22.685, +6.889,+0.958
1724035200,+3.53,+22.676, +6.939,+0.959
1724035500,+3.53,+22.651, +6.934,+0.958
1724035800,+3.53,+22.651, +6.918,+0.958
1724036100,+3.53,+22.610, +6.853,+0.958
1724036400,+3.54,+22.493, +6.790,+0.958
1724036700,+3.54,+22.417, +6.765,+0.959
1724037000,+3.54,+22.417, +6.757,+0.959
1724037300,+3.54,+22.392, +6.752,+0.958
1724037600,+3.54,+22.409, +6.716,+0.959
1724037900,+3.54,+22.376, +6.723,+0.958
1724038200,+3.54,+22.359, +6.739,+0.958
1724038500,+3.54,+22.325, +6.752,+0.959
1724038800,+3.54,+22.317, +6.722,+0.958
1724039100,+3.54,+22.325, +6.728,+0.959
1724039400,+3.54,+22.309, +6.742,+0.959
1724039700,+3.54,+22.300, +6.741,+0.959
1724040000,+3.54,+22.292, +6.734,+0.958
1724040300,+3.54,+22.300, +6.725,+0.958
1724040600,+3.54,+22.275, +6.713,+0.958
1724040900,+3.53,+22.259, +6.712,+0.958
1724041200,+3.53,+22.250, +6.721,+0.959
1724041500,+3.53,+22.242, +6.702,+0.959
1724041800,+3.53,+22.250, +6.699,+0.959
1724042100,+3.53,+22.234, +6.714,+0.959
1724042400,+3.53,+22.225, +6.699,+0.958
1724042700,+3.53,+22.234, +6.703,+0.959
1724043000,+3.53,+22.225, +6.698,+0.959
1724043300,+3.53,+22.208, +6.713,+0.959
1724043600,+3.53,+22.208, +6.735,+0.959
1724043900,+3.53,+22.234, +6.735,+0.958
1724044200,+3.53,+22.200, +6.759,+0.959
1724044500,+3.53,+22.217, +6.800,+0.959
1724044800,+3.53,+22.225, +6.821,+0.959
1724045100,+3.53,+22.225, +6.830,+0.959
1724045400,+3.53,+22.225, +6.879,+0.959
1724045700,+3.53,+22.250, +6.890,+0.958
1724046000,+3.53,+22.259, +6.922,+0.959
1724046300,+3.53,+22.275, +6.924,+0.959
1724046600,+3.53,+22.259, +6.921,+0.959
1724046900,+3.54,+22.284, +6.966,+0.958
1724047200,+3.54,+22.284, +6.967,+0.959
1724047500,+3.54,+22.284, +6.962,+0.959
1724047800,+3.54,+22.300, +7.004,+0.959
1724048100,+3.54,+22.300, +6.977,+0.959
1724048400,+3.54,+22.275, +6.996,+0.959
1724048700,+3.54,+22.275, +6.959,+0.959
1724049000,+3.54,+22.284, +6.974,+0.959
1724049300,+3.54,+22.309, +6.982,+0.959
1724049600,+3.54,+22.309, +6.999,+0.959
1724049900,+3.54,+22.300, +6.993,+0.958
1724050200,+3.54,+22.300, +6.990,+0.959
1724050500,+3.54,+22.284, +6.982,+0.959
1724050800,+3.54,+22.292, +6.973,+0.959
1724051100,+3.54,+22.292, +6.920,+0.959
1724051400,+3.54,+22.292, +6.939,+0.959
1724051700,+3.54,+22.292, +6.903,+0.958
1724052000,+3.54,+22.284, +6.909,+0.959
1724052300,+3.53,+22.275, +6.850,+0.958
1724052600,+3.53,+22.267, +6.864,+0.959
1724052900,+3.53,+22.259, +6.866,+0.959
1724053200,+3.53,+22.250, +6.847,+0.958
1724053500,+3.53,+22.225, +6.880,+0.958
1724053800,+3.53,+22.250, +6.859,+0.958
1724054100,+3.53,+22.225, +6.859,+0.959
1724054400,+3.53,+22.242, +6.824,+0.959
1724054700,+3.53,+22.200, +6.853,+0.959
1724055000,+3.53,+22.200, +6.833,+0.958
1724055300,+3.53,+22.208, +6.823,+0.959
1724055600,+3.53,+22.183, +6.770,+0.958
1724055900,+3.53,+22.158, +6.767,+0.959
1724056200,+3.53,+22.175, +6.746,+0.959
1724056500,+3.53,+22.175, +6.734,+0.958
1724056800,+3.53,+22.175, +6.740,+0.958
1724057100,+3.53,+22.167, +6.766,+0.958
1724057400,+3.53,+22.150, +6.735,+0.958
1724057700,+3.53,+22.158, +6.791,+0.959
1724058000,+3.53,+22.158, +6.748,+0.959
1724058300,+3.53,+22.133, +6.667,+0.959
1724058600,+3.53,+22.133, +6.644,+0.959
1724058900,+3.53,+22.125, +6.691,+0.959
1724059200,+3.53,+22.117, +6.670,+0.959
1724059500,+3.53,+22.092, +6.656,+0.958
1724059800,+3.53,+22.075, +6.657,+0.958
1724060100,+3.53,+22.075, +6.669,+0.959
1724060400,+3.53,+22.075, +6.634,+0.959
1724060700,+3.53,+22.041, +6.620,+0.958
1724061000,+3.53,+22.033, +6.651,+0.959
1724061300,+3.53,+22.041, +6.614,+0.959
1724061600,+3.53,+22.025, +6.589,+0.959
1724061900,+3.53,+22.016, +6.590,+0.958
1724062200,+3.53,+22.000, +6.638,+0.959
1724062500,+3.53,+21.983, +6.516,+0.959
1724062800,+3.53,+21.966, +6.517,+0.959
1724063100,+3.53,+21.950, +6.525,+0.959
1724063400,+3.53,+21.941, +6.520,+0.958
1724063700,+3.53,+21.941, +6.462,+0.958
1724064000,+3.53,+21.966, +6.487,+0.959
1724064300,+3.53,+21.958, +6.462,+0.958
1724064600,+3.53,+21.916, +6.445,+0.959
1724064900,+3.53,+21.908, +6.487,+0.959
1724065200,+3.53,+21.874, +6.424,+0.958
1724065500,+3.53,+21.883, +6.553,+0.959
1724065800,+3.53,+21.858, +6.565,+0.959
1724066100,+3.53,+21.841, +6.522,+0.959
1724066400,+3.53,+21.824, +6.524,+0.959
1724066700,+3.53,+21.808, +6.457,+0.959
1724067000,+3.53,+21.791, +6.428,+0.959
1724067300,+3.53,+21.766, +6.493,+0.958
1724067600,+3.53,+21.741, +6.396,+0.959
1724067900,+3.53,+21.716, +6.458,+0.958
1724068200,+3.53,+21.716, +6.459,+0.959
1724068500,+3.53,+21.682, +6.459,+0.959
1724068800,+3.53,+21.666, +6.417,+0.958
1724069100,+3.53,+21.649, +6.450,+0.959
1724069400,+3.53,+21.632, +6.497,+0.959
1724069700,+3.53,+21.615, +6.448,+0.959
1724070000,+3.53,+21.632, +6.406,+0.959
1724070300,+3.53,+21.599, +6.466,+0.958
1724070600,+3.53,+21.599, +6.392,+0.959
1724070900,+3.53,+21.590, +6.426,+0.959
1724071200,+3.53,+21.582, +6.372,+0.958
1724071500,+3.53,+21.565, +6.398,+0.959
1724071800,+3.54,+21.557, +6.408,+0.959
1724072100,+3.54,+21.549, +6.401,+0.959
1724072400,+3.53,+21.532, +6.355,+0.959
1724072700,+3.53,+21.540, +6.337,+0.959
1724073000,+3.53,+21.549, +6.311,+0.959
1724073300,+3.54,+21.532, +6.335,+0.959
1724073600,+3.53,+21.524, +6.351,+0.959
1724073900,+3.53,+21.507, +6.420,+0.959
1724074200,+3.54,+21.473, +6.582,+0.959
1724074500,+3.54,+21.432, +6.571,+0.959
1724074800,+3.54,+21.415, +6.548,+0.959
1724075100,+3.54,+21.465, +6.536,+0.959
1724075400,+3.54,+21.423, +6.522,+0.959
1724075700,+3.54,+21.448, +6.514,+0.959
1724076000,+3.54,+21.423, +6.479,+0.959
1724076300,+3.54,+21.407, +6.461,+0.959
1724076600,+3.54,+21.407, +6.472,+0.959
1724076900,+3.54,+21.382, +6.515,+0.959
1724077200,+3.54,+21.390, +6.496,+0.959
1724077500,+3.54,+21.382, +6.532,+0.959
1724077800,+3.54,+21.373, +6.472,+0.959
1724078100,+3.54,+21.340, +6.457,+0.959
1724078400,+3.54,+21.340, +6.463,+0.959
1724078700,+3.54,+21.348, +6.422,+0.959
1724079000,+3.54,+21.348, +6.396,+0.959
1724079300,+3.54,+21.323, +6.371,+0.959
1724079600,+3.54,+21.315, +6.337,+0.959
1724079900,+3.54,+21.323, +6.289,+0.959
1724080200,+3.54,+21.290, +6.304,+0.959
1724080500,+3.54,+21.290, +6.280,+0.959
1724080800,+3.54,+21.298, +6.207,+0.959
1724081100,+3.54,+21.306, +6.179,+0.959
1724081400,+3.54,+21.306, +6.217,+0.959
1724081700,+3.54,+21.290, +6.191,+0.959
1724082000,+3.54,+21.298, +6.104,+0.959
1724082300,+3.54,+21.290, +6.100,+0.959
1724082600,+3.54,+21.290, +6.074,+0.959
1724082900,+3.54,+21.281, +6.072,+0.958
1724083200,+3.54,+21.273, +6.029,+0.959
1724083500,+3.54,+21.265, +6.065,+0.960
1724083800,+3.54,+21.281, +6.029,+0.959
1724084100,+3.54,+21.273, +5.999,+0.959
1724084400,+3.54,+21.265, +5.991,+0.959
1724084700,+3.54,+21.256, +5.994,+0.959
1724085000,+3.54,+21.265, +5.985,+0.959
1724085300,+3.54,+21.281, +5.994,+0.959
1724085600,+3.54,+21.273, +6.004,+0.959
1724085900,+3.54,+21.290, +5.979,+0.959
1724086200,+3.54,+21.265, +6.023,+0.959
1724086500,+3.54,+21.298, +6.035,+0.959
1724086800,+3.53,+21.315, +6.046,+0.959
1724087100,+3.54,+21.315, +6.095,+0.959
1724087400,+3.54,+21.331, +6.098,+0.959
1724087700,+3.54,+21.348, +6.149,+0.959
1724088000,+3.53,+21.365, +6.196,+0.959
1724088300,+3.54,+21.382, +6.227,+0.959
1724088600,+3.54,+21.382, +6.235,+0.959
1724088900,+3.53,+21.415, +6.295,+0.959
1724089200,+3.53,+21.423, +6.383,+0.959
1724089500,+3.53,+21.432, +6.397,+0.959
1724089800,+3.53,+21.457, +6.481,+0.959
1724090100,+3.53,+21.498, +6.525,+0.958
1724090400,+3.53,+21.515, +6.549,+0.959
1724090700,+3.53,+21.565, +6.634,+0.959
1724091000,+3.53,+21.607, +6.752,+0.959
1724091300,+3.53,+21.624, +6.722,+0.959
1724091600,+3.53,+21.682, +6.843,+0.959
1724091900,+3.53,+21.724, +6.955,+0.959
1724092200,+3.53,+21.782, +7.079,+0.959
1724092500,+3.53,+21.833, +7.156,+0.960
1724092800,+3.53,+21.866, +7.172,+0.959
1724093100,+3.53,+21.891, +7.203,+0.959
1724093400,+3.53,+22.000, +7.485,+0.959
1724093700,+3.53,+22.033, +7.426,+0.959
1724094000,+3.53,+22.066, +7.502,+0.958
1724094300,+3.53,+22.142, +7.621,+0.959
1724094600,+3.53,+22.192, +7.683,+0.959
1724094900,+3.53,+22.267, +7.762,+0.959
1724095200,+3.53,+22.325, +7.875,+0.959
1724095500,+3.53,+22.367, +7.882,+0.959
1724095800,+3.53,+22.426, +7.935,+0.960
