7450-340250
OS REV: 1.05 Sensor Cal: 1705524272
Time (sec),  BV (Volts),  T (deg C),  DO (mg/l),  Q ()
1722025440,+3.54,+25.030, +6.389,+0.959
1722025740,+3.54,+25.055, +6.455,+0.959
1722026040,+3.54,+25.072, +6.519,+0.959
1722026340,+3.54,+25.122, +6.555,+0.960
1722026640,+3.54,+25.156, +6.618,+0.960
1722026940,+3.54,+25.164, +6.695,+0.960
1722027240,+3.54,+25.190, +6.731,+0.960
1722027540,+3.54,+25.223, +6.785,+0.960
1722027840,+3.54,+25.257, +6.825,+0.960
1722028140,+3.54,+25.299, +6.885,+0.960
1722028440,+3.54,+25.341, +6.946,+0.959
1722028740,+3.54,+25.358, +7.020,+0.960
1722029040,+3.54,+25.366, +7.079,+0.960
1722029340,+3.54,+25.391, +7.125,+0.960
1722029640,+3.54,+25.417, +7.192,+0.960
1722029940,+3.54,+25.450, +7.238,+0.959
1722030240,+3.54,+25.467, +7.282,+0.960
1722030540,+3.54,+25.492, +7.334,+0.960
1722030840,+3.54,+25.518, +7.401,+0.960
1722031140,+3.54,+25.551, +7.455,+0.960
1722031440,+3.54,+25.577, +7.488,+0.960
1722031740,+3.54,+25.610, +7.521,+0.961
1722032040,+3.54,+25.636, +7.573,+0.961
1722032340,+3.54,+25.644, +7.618,+0.961
1722032640,+3.54,+25.694, +7.629,+0.960
1722032940,+3.54,+25.720, +7.669,+0.960
1722033240,+3.54,+25.737, +7.679,+0.959
1722033540,+3.54,+25.770, +7.699,+0.960
1722033840,+3.54,+25.796, +7.733,+0.960
1722034140,+3.54,+25.821, +7.763,+0.960
1722034440,+3.54,+25.846, +7.797,+0.960
1722034740,+3.54,+25.871, +7.825,+0.960
1722035040,+3.54,+25.888, +7.838,+0.960
1722035340,+3.54,+25.905, +7.860,+0.960
1722035640,+3.54,+25.922, +7.878,+0.960
1722035940,+3.54,+25.947, +7.901,+0.960
1722036240,+3.54,+25.939, +7.917,+0.961
1722036540,+3.54,+25.947, +7.912,+0.960
1722036840,+3.54,+26.015, +7.928,+0.961
1722037140,+3.54,+26.040, +7.931,+0.961
1722037440,+3.54,+26.057, +7.923,+0.960
1722037740,+3.54,+26.074, +7.930,+0.960
1722038040,+3.54,+26.099, +7.941,+0.960
1722038340,+3.54,+26.065, +7.960,+0.960
1722038640,+3.54,+26.108, +8.028,+0.960
1722038940,+3.54,+26.108, +7.965,+0.960
1722039240,+3.54,+26.108, +7.914,+0.960
1722039540,+3.54,+26.099, +7.890,+0.960
1722039840,+3.54,+26.048, +7.900,+0.960
1722040140,+3.54,+26.048, +7.911,+0.960
1722040440,+3.54,+26.006, +7.814,+0.960
1722040740,+3.54,+25.981, +7.887,+0.960
1722041040,+3.54,+25.964, +7.905,+0.960
1722041340,+3.54,+25.989, +7.957,+0.960
1722041640,+3.54,+26.006, +7.968,+0.960
1722041940,+3.54,+26.006, +8.044,+0.959
1722042240,+3.54,+25.998, +8.033,+0.961
1722042540,+3.54,+25.998, +8.143,+0.960
1722042840,+3.54,+25.973, +8.066,+0.960
1722043140,+3.54,+25.964, +8.042,+0.960
1722043440,+3.54,+25.973, +8.065,+0.960
1722043740,+3.54,+25.964, +8.068,+0.960
1722044040,+3.54,+25.939, +8.083,+0.959
1722044340,+3.54,+25.914, +8.060,+0.959
1722044640,+3.54,+25.914, +8.076,+0.960
1722044940,+3.54,+25.888, +8.028,+0.960
1722045240,+3.54,+25.871, +8.018,+0.960
1722045540,+3.54,+25.863, +8.006,+0.960
1722045840,+3.54,+25.838, +8.013,+0.961
1722046140,+3.54,+25.812, +8.012,+0.961
1722046440,+3.54,+25.812, +7.982,+0.960
1722046740,+3.54,+25.796, +7.983,+0.960
1722047040,+3.54,+25.745, +7.997,+0.961
1722047340,+3.54,+25.720, +7.985,+0.960
1722047640,+3.54,+25.703, +7.981,+0.961
1722047940,+3.54,+25.703, +7.982,+0.961
1722048240,+3.54,+25.694, +7.962,+0.960
1722048540,+3.54,+25.669, +7.966,+0.961
1722048840,+3.54,+25.661, +7.956,+0.960
1722049140,+3.54,+25.644, +7.949,+0.960
1722049440,+3.54,+25.627, +7.943,+0.960
1722049740,+3.54,+25.602, +7.941,+0.960
1722050040,+3.54,+25.585, +7.937,+0.961
1722050340,+3.54,+25.593, +7.931,+0.961
1722050640,+3.54,+25.551, +7.930,+0.961
1722050940,+3.54,+25.535, +7.918,+0.960
1722051240,+3.54,+25.526, +7.904,+0.960
1722051540,+3.54,+25.518, +7.893,+0.960
1722051840,+3.54,+25.518, +7.888,+0.961
1722052140,+3.54,+25.450, +7.890,+0.961
1722052440,+3.54,+25.417, +7.872,+0.961
1722052740,+3.54,+25.358, +7.855,+0.961
1722053040,+3.54,+25.333, +7.842,+0.961
1722053340,+3.54,+25.307, +7.829,+0.961
1722053640,+3.54,+25.291, +7.800,+0.960
1722053940,+3.54,+25.257, +7.782,+0.960
1722054240,+3.54,+25.223, +7.769,+0.961
1722054540,+3.54,+25.215, +7.739,+0.960
1722054840,+3.54,+25.156, +7.733,+0.960
1722055140,+3.54,+25.139, +7.703,+0.960
1722055440,+3.54,+25.122, +7.684,+0.960
1722055740,+3.54,+25.080, +7.660,+0.960
1722056040,+3.54,+25.047, +7.650,+0.961
1722056340,+3.54,+25.022, +7.633,+0.961
1722056640,+3.54,+25.005, +7.595,+0.960
1722056940,+3.54,+24.963, +7.577,+0.960
1722057240,+3.54,+24.929, +7.564,+0.961
1722057540,+3.54,+24.887, +7.545,+0.961
1722057840,+3.54,+24.854, +7.513,+0.960
1722058140,+3.54,+24.837, +7.481,+0.960
1722058440,+3.54,+24.803, +7.455,+0.960
1722058740,+3.54,+24.753, +7.427,+0.960
1722059040,+3.54,+24.753, +7.394,+0.960
1722059340,+3.54,+24.736, +7.377,+0.961
1722059640,+3.54,+24.702, +7.340,+0.960
1722059940,+3.54,+24.686, +7.321,+0.961
1722060240,+3.54,+24.669, +7.294,+0.961
1722060540,+3.54,+24.652, +7.274,+0.961
1722060840,+3.54,+24.602, +7.229,+0.960
1722061140,+3.54,+24.619, +7.213,+0.960
1722061440,+3.54,+24.585, +7.197,+0.961
1722061740,+3.54,+24.585, +7.173,+0.961
1722062040,+3.55,+24.577, +7.150,+0.960
1722062340,+3.54,+24.560, +7.141,+0.961
1722062640,+3.54,+24.526, +7.121,+0.960
1722062940,+3.54,+24.543, +7.103,+0.960
1722063240,+3.54,+24.518, +7.087,+0.960
1722063540,+3.55,+24.501, +7.074,+0.960
1722063840,+3.55,+24.509, +7.063,+0.961
1722064140,+3.54,+24.493, +7.035,+0.960
1722064440,+3.55,+24.526, +7.020,+0.961
1722064740,+3.54,+24.526, +6.991,+0.960
1722065040,+3.55,+24.476, +6.991,+0.960
1722065340,+3.54,+24.426, +7.025,+0.961
1722065640,+3.54,+24.409, +7.029,+0.960
1722065940,+3.54,+24.359, +7.042,+0.960
1722066240,+3.54,+24.333, +7.054,+0.961
1722066540,+3.54,+24.300, +7.052,+0.961
1722066840,+3.54,+24.283, +7.042,+0.961
1722067140,+3.54,+24.250, +7.048,+0.961
1722067440,+3.54,+24.174, +7.041,+0.960
1722067740,+3.54,+24.115, +7.045,+0.960
1722068040,+3.54,+24.090, +7.039,+0.960
1722068340,+3.54,+24.040, +7.042,+0.960
1722068640,+3.54,+23.973, +7.037,+0.961
1722068940,+3.54,+23.923, +7.034,+0.961
1722069240,+3.54,+23.873, +7.026,+0.961
1722069540,+3.54,+23.847, +7.010,+0.960
1722069840,+3.54,+23.806, +6.993,+0.960
1722070140,+3.54,+23.739, +6.962,+0.961
1722070440,+3.54,+23.672, +6.951,+0.961
1722070740,+3.55,+23.647, +6.933,+0.961
1722071040,+3.55,+23.588, +6.928,+0.961
1722071340,+3.55,+23.521, +6.924,+0.961
1722071640,+3.55,+23.513, +6.898,+0.961
1722071940,+3.55,+23.437, +6.875,+0.960
1722072240,+3.55,+23.395, +6.872,+0.961
1722072540,+3.54,+23.312, +6.865,+0.961
1722072840,+3.54,+23.287, +6.849,+0.961
1722073140,+3.54,+23.245, +6.837,+0.961
1722073440,+3.54,+23.195, +6.833,+0.961
1722073740,+3.54,+23.119, +6.831,+0.961
1722074040,+3.54,+23.036, +6.831,+0.961
1722074340,+3.54,+23.019, +6.822,+0.961
1722074640,+3.54,+22.986, +6.808,+0.961
1722074940,+3.54,+22.919, +6.808,+0.961
1722075240,+3.54,+22.910, +6.793,+0.961
1722075540,+3.54,+22.869, +6.793,+0.961
1722075840,+3.54,+22.810, +6.795,+0.961
1722076140,+3.54,+22.760, +6.793,+0.961
1722076440,+3.54,+22.718, +6.801,+0.962
1722076740,+3.54,+22.685, +6.784,+0.961
1722077040,+3.54,+22.668, +6.778,+0.961
1722077340,+3.55,+22.610, +6.781,+0.961
1722077640,+3.55,+22.576, +6.773,+0.961
1722077940,+3.55,+22.559, +6.772,+0.961
1722078240,+3.55,+22.493, +6.774,+0.961
1722078540,+3.55,+22.459, +6.778,+0.961
1722078840,+3.55,+22.426, +6.782,+0.962
1722079140,+3.55,+22.409, +6.767,+0.961
1722079440,+3.55,+22.376, +6.766,+0.961
1722079740,+3.55,+22.342, +6.760,+0.962
1722080040,+3.55,+22.334, +6.753,+0.961
1722080340,+3.55,+22.292, +6.747,+0.961
1722080640,+3.54,+22.259, +6.744,+0.961
1722080940,+3.54,+22.208, +6.749,+0.962
1722081240,+3.54,+22.183, +6.746,+0.961
1722081540,+3.54,+22.142, +6.738,+0.961
1722081840,+3.54,+22.125, +6.729,+0.961
1722082140,+3.54,+22.100, +6.729,+0.961
1722082440,+3.54,+22.041, +6.731,+0.962
1722082740,+3.54,+22.016, +6.725,+0.961
1722083040,+3.54,+21.991, +6.722,+0.961
1722083340,+3.54,+22.000, +6.714,+0.961
1722083640,+3.54,+21.975, +6.707,+0.961
1722083940,+3.54,+21.916, +6.713,+0.962
1722084240,+3.54,+21.883, +6.711,+0.961
1722084540,+3.54,+21.866, +6.697,+0.961
1722084840,+3.54,+21.833, +6.702,+0.962
1722085140,+3.54,+21.791, +6.694,+0.961
1722085440,+3.54,+21.757, +6.699,+0.962
1722085740,+3.54,+21.741, +6.692,+0.962
1722086040,+3.54,+21.741, +6.679,+0.962
1722086340,+3.54,+21.716, +6.685,+0.962
1722086640,+3.54,+21.682, +6.670,+0.961
1722086940,+3.54,+21.682, +6.660,+0.961
1722087240,+3.54,+21.674, +6.663,+0.961
1722087540,+3.54,+21.657, +6.653,+0.961
1722087840,+3.54,+21.657, +6.648,+0.961
1722088140,+3.54,+21.624, +6.655,+0.962
1722088440,+3.54,+21.624, +6.643,+0.962
1722088740,+3.54,+21.565, +6.650,+0.962
1722089040,+3.55,+21.582, +6.629,+0.961
1722089340,+3.54,+21.582, +6.620,+0.961
1722089640,+3.54,+21.590, +6.616,+0.962
1722089940,+3.54,+21.590, +6.602,+0.961
1722090240,+3.54,+21.590, +6.607,+0.962
1722090540,+3.54,+21.640, +6.592,+0.962
1722090840,+3.54,+21.649, +6.586,+0.962
1722091140,+3.54,+21.649, +6.575,+0.961
1722091440,+3.54,+21.649, +6.573,+0.961
1722091740,+3.54,+21.666, +6.564,+0.962
1722092040,+3.54,+21.682, +6.552,+0.961
1722092340,+3.54,+21.657, +6.553,+0.962
1722092640,+3.54,+21.674, +6.542,+0.961
1722092940,+3.54,+21.649, +6.541,+0.961
1722093240,+3.54,+21.666, +6.535,+0.961
1722093540,+3.54,+21.666, +6.534,+0.961
1722093840,+3.54,+21.666, +6.528,+0.961
1722094140,+3.54,+21.674, +6.523,+0.961
1722094440,+3.54,+21.674, +6.526,+0.961
1722094740,+3.54,+21.682, +6.514,+0.961
1722095040,+3.54,+21.682, +6.509,+0.961
1722095340,+3.54,+21.674, +6.506,+0.961
1722095640,+3.54,+21.682, +6.500,+0.961
1722095940,+3.54,+21.682, +6.499,+0.962
1722096240,+3.54,+21.707, +6.492,+0.961
1722096540,+3.54,+21.707, +6.482,+0.961
1722096840,+3.54,+21.732, +6.483,+0.961
1722097140,+3.54,+21.741, +6.481,+0.961
1722097440,+3.54,+21.774, +6.478,+0.961
1722097740,+3.54,+21.824, +6.476,+0.961
1722098040,+3.54,+21.849, +6.472,+0.961
1722098340,+3.54,+21.874, +6.463,+0.961
1722098640,+3.54,+21.950, +6.456,+0.961
1722098940,+3.54,+21.933, +6.467,+0.961
1722099240,+3.54,+21.975, +6.463,+0.961
1722099540,+3.54,+22.008, +6.463,+0.961
1722099840,+3.54,+22.066, +6.430,+0.961
1722100140,+3.54,+22.092, +6.452,+0.961
1722100440,+3.54,+22.125, +6.456,+0.961
1722100740,+3.54,+22.200, +6.462,+0.961
1722101040,+3.54,+22.242, +6.458,+0.961
1722101340,+3.54,+22.267, +6.474,+0.962
1722101640,+3.54,+22.317, +6.464,+0.961
1722101940,+3.54,+22.376, +6.459,+0.961
1722102240,+3.54,+22.426, +6.456,+0.961
1722102540,+3.54,+22.459, +6.463,+0.961
1722102840,+3.54,+22.493, +6.465,+0.961
1722103140,+3.54,+22.543, +6.469,+0.961
1722103440,+3.54,+22.601, +6.464,+0.960
1722103740,+3.54,+22.643, +6.480,+0.961
1722104040,+3.54,+22.685, +6.487,+0.961
1722104340,+3.54,+22.785, +6.478,+0.961
1722104640,+3.54,+22.802, +6.482,+0.961
1722104940,+3.54,+22.869, +6.479,+0.960
1722105240,+3.54,+22.869, +6.487,+0.961
1722105540,+3.54,+22.877, +6.488,+0.960
1722105840,+3.54,+22.877, +6.499,+0.961
1722106140,+3.54,+22.869, +6.528,+0.961
1722106440,+3.54,+22.885, +6.533,+0.961
1722106740,+3.54,+22.877, +6.535,+0.961
1722107040,+3.54,+22.902, +6.540,+0.960
1722107340,+3.54,+22.910, +6.551,+0.960
1722107640,+3.54,+22.852, +6.566,+0.960
1722107940,+3.54,+22.793, +6.577,+0.960
1722108240,+3.54,+22.785, +6.582,+0.960
1722108540,+3.54,+22.768, +6.599,+0.961
1722108840,+3.54,+22.760, +6.602,+0.961
1722109140,+3.54,+22.752, +6.626,+0.961
1722109440,+3.54,+22.727, +6.649,+0.961
1722109740,+3.54,+22.710, +6.670,+0.961
1722110040,+3.54,+22.727, +6.691,+0.961
1722110340,+3.54,+22.727, +6.731,+0.961
1722110640,+3.54,+22.760, +6.741,+0.960
1722110940,+3.54,+22.752, +6.781,+0.960
1722111240,+3.54,+22.752, +6.824,+0.961
1722111540,+3.54,+22.777, +6.849,+0.961
1722111840,+3.54,+22.777, +6.890,+0.961
