7450-340250
OS REV: 1.05 Sensor Cal: 1705524272
Time (sec),  BV (Volts),  T (deg C),  DO (mg/l),  Q ()
1721071740,+3.54,+23.027, +6.951,+0.960
1721072040,+3.54,+23.053, +7.065,+0.960
1721072340,+3.54,+23.136, +6.947,+0.959
1721072640,+3.54,+23.145, +6.858,+0.960
1721072940,+3.54,+23.295, +6.805,+0.959
1721073240,+3.54,+23.312, +6.803,+0.959
1721073540,+3.54,+23.320, +6.902,+0.959
1721073840,+3.54,+23.329, +6.927,+0.959
1721074140,+3.54,+23.362, +7.013,+0.960
1721074440,+3.54,+23.379, +6.892,+0.959
1721074740,+3.54,+23.437, +6.822,+0.959
1721075040,+3.54,+23.454, +6.902,+0.959
1721075340,+3.54,+23.513, +6.993,+0.960
1721075640,+3.54,+23.705, +6.981,+0.962
1721075940,+3.54,+23.697, +6.874,+0.962
1721076240,+3.54,+23.730, +6.825,+0.962
1721076540,+3.54,+23.755, +6.754,+0.962
1721076840,+3.54,+23.747, +6.851,+0.962
1721077140,+3.54,+23.747, +6.878,+0.962
1721077440,+3.54,+23.814, +6.880,+0.962
1721077740,+3.54,+23.881, +6.886,+0.962
1721078040,+3.54,+23.889, +6.882,+0.962
1721078340,+3.54,+23.906, +6.862,+0.962
1721078640,+3.54,+23.973, +6.911,+0.962
1721078940,+3.54,+23.990, +6.751,+0.962
1721079240,+3.54,+24.015, +6.803,+0.962
1721079540,+3.54,+23.981, +6.801,+0.962
1721079840,+3.54,+24.023, +6.771,+0.962
1721080140,+3.54,+24.048, +6.824,+0.962
1721080440,+3.54,+24.065, +6.804,+0.962
1721080740,+3.54,+24.048, +6.795,+0.961
1721081040,+3.54,+24.074, +6.743,+0.962
1721081340,+3.54,+24.099, +6.756,+0.961
1721081640,+3.54,+24.124, +6.831,+0.962
1721081940,+3.53,+24.115, +6.745,+0.961
1721082240,+3.53,+24.124, +6.802,+0.962
1721082540,+3.54,+24.149, +6.824,+0.962
1721082840,+3.54,+24.157, +6.850,+0.962
1721083140,+3.53,+24.124, +6.915,+0.962
1721083440,+3.54,+24.115, +6.878,+0.962
1721083740,+3.54,+24.074, +6.830,+0.962
1721084040,+3.54,+24.074, +6.859,+0.962
1721084340,+3.54,+24.099, +6.867,+0.962
1721084640,+3.54,+24.057, +6.779,+0.962
1721084940,+3.54,+24.057, +6.822,+0.962
1721085240,+3.54,+24.048, +6.885,+0.962
1721085540,+3.54,+24.065, +6.910,+0.962
1721085840,+3.54,+24.090, +7.028,+0.962
1721086140,+3.54,+24.115, +7.165,+0.962
1721086440,+3.53,+24.149, +7.329,+0.962
1721086740,+3.53,+24.149, +7.329,+0.962
1721087040,+3.53,+24.191, +7.378,+0.962
1721087340,+3.53,+24.183, +7.450,+0.962
1721087640,+3.53,+24.233, +7.698,+0.962
1721087940,+3.53,+24.266, +7.837,+0.962
1721088240,+3.53,+24.300, +7.897,+0.962
1721088540,+3.53,+24.325, +7.978,+0.963
1721088840,+3.54,+24.367, +8.279,+0.962
1721089140,+3.54,+24.409, +8.462,+0.963
1721089440,+3.54,+24.476, +8.670,+0.963
1721089740,+3.54,+24.459, +8.632,+0.962
1721090040,+3.54,+24.459, +8.607,+0.962
1721090340,+3.54,+24.509, +8.726,+0.962
1721090640,+3.54,+24.526, +8.867,+0.963
1721090940,+3.54,+24.535, +8.912,+0.963
1721091240,+3.54,+24.543, +8.960,+0.962
1721091540,+3.54,+24.593, +9.151,+0.963
1721091840,+3.54,+24.593, +9.081,+0.962
1721092140,+3.54,+24.602, +9.122,+0.963
1721092440,+3.54,+24.627, +9.290,+0.963
1721092740,+3.54,+24.644, +9.269,+0.964
1721093040,+3.54,+24.619, +9.191,+0.963
1721093340,+3.54,+24.627, +9.250,+0.963
1721093640,+3.54,+24.627, +9.237,+0.963
1721093940,+3.54,+24.627, +9.285,+0.963
1721094240,+3.54,+24.669, +9.339,+0.963
1721094540,+3.54,+24.686, +9.350,+0.963
1721094840,+3.54,+24.644, +9.310,+0.963
1721095140,+3.54,+24.627, +9.245,+0.963
1721095440,+3.54,+24.619, +9.180,+0.963
1721095740,+3.54,+24.619, +9.169,+0.963
1721096040,+3.54,+24.627, +9.159,+0.963
1721096340,+3.54,+24.610, +9.148,+0.963
1721096640,+3.54,+24.593, +9.072,+0.962
1721096940,+3.54,+24.568, +9.140,+0.963
1721097240,+3.54,+24.602, +9.099,+0.962
1721097540,+3.54,+24.593, +9.086,+0.963
1721097840,+3.54,+24.577, +9.046,+0.963
1721098140,+3.54,+24.577, +9.051,+0.962
1721098440,+3.54,+24.568, +8.975,+0.963
1721098740,+3.54,+24.543, +8.946,+0.962
1721099040,+3.54,+24.560, +8.983,+0.963
1721099340,+3.54,+24.526, +8.937,+0.963
1721099640,+3.54,+24.493, +8.898,+0.963
1721099940,+3.54,+24.484, +8.861,+0.963
1721100240,+3.54,+24.434, +8.829,+0.963
1721100540,+3.54,+24.459, +8.732,+0.963
1721100840,+3.54,+24.426, +8.603,+0.962
1721101140,+3.54,+24.409, +8.579,+0.963
1721101440,+3.54,+24.384, +8.540,+0.963
1721101740,+3.54,+24.392, +8.484,+0.963
1721102040,+3.54,+24.367, +8.490,+0.963
1721102340,+3.54,+24.359, +8.426,+0.963
1721102640,+3.54,+24.359, +8.426,+0.963
1721102940,+3.54,+24.350, +8.428,+0.962
1721103240,+3.53,+24.342, +8.428,+0.963
1721103540,+3.53,+24.308, +8.396,+0.962
1721103840,+3.54,+24.317, +8.362,+0.962
1721104140,+3.53,+24.291, +8.357,+0.962
1721104440,+3.54,+24.283, +8.330,+0.963
1721104740,+3.54,+24.266, +8.307,+0.963
1721105040,+3.54,+24.233, +8.340,+0.963
1721105340,+3.54,+24.233, +8.286,+0.963
1721105640,+3.54,+24.241, +8.255,+0.963
1721105940,+3.54,+24.233, +8.195,+0.963
1721106240,+3.54,+24.183, +8.165,+0.963
1721106540,+3.54,+24.199, +8.156,+0.963
1721106840,+3.54,+24.166, +8.015,+0.962
1721107140,+3.54,+24.166, +7.938,+0.962
1721107440,+3.54,+24.149, +7.805,+0.962
1721107740,+3.54,+24.141, +7.978,+0.962
1721108040,+3.54,+24.107, +7.741,+0.963
1721108340,+3.54,+24.090, +7.664,+0.962
1721108640,+3.54,+24.048, +7.516,+0.962
1721108940,+3.54,+24.015, +7.510,+0.962
1721109240,+3.54,+23.981, +7.414,+0.962
1721109540,+3.54,+23.948, +7.353,+0.963
1721109840,+3.54,+23.906, +7.324,+0.962
1721110140,+3.54,+23.889, +7.399,+0.962
1721110440,+3.54,+23.873, +7.281,+0.962
1721110740,+3.54,+23.831, +7.269,+0.962
1721111040,+3.54,+23.831, +7.165,+0.962
1721111340,+3.54,+23.789, +7.239,+0.962
1721111640,+3.54,+23.806, +7.212,+0.962
1721111940,+3.54,+23.747, +7.113,+0.962
1721112240,+3.54,+23.705, +6.833,+0.962
1721112540,+3.54,+23.647, +6.833,+0.962
1721112840,+3.54,+23.638, +6.840,+0.962
1721113140,+3.54,+23.580, +6.739,+0.962
1721113440,+3.54,+23.504, +6.705,+0.962
1721113740,+3.54,+23.479, +6.666,+0.962
1721114040,+3.54,+23.429, +6.680,+0.961
1721114340,+3.54,+23.379, +6.595,+0.962
1721114640,+3.54,+23.345, +6.544,+0.962
1721114940,+3.54,+23.303, +6.482,+0.963
1721115240,+3.54,+23.270, +6.507,+0.962
1721115540,+3.54,+23.253, +6.444,+0.963
1721115840,+3.54,+23.186, +6.451,+0.962
1721116140,+3.54,+23.170, +6.469,+0.962
1721116440,+3.54,+23.111, +6.395,+0.962
1721116740,+3.54,+23.078, +6.331,+0.962
1721117040,+3.54,+23.044, +6.300,+0.962
1721117340,+3.54,+23.011, +6.332,+0.962
1721117640,+3.54,+22.952, +6.383,+0.962
1721117940,+3.54,+22.910, +6.462,+0.962
1721118240,+3.54,+22.902, +6.495,+0.962
1721118540,+3.54,+22.860, +6.486,+0.962
1721118840,+3.54,+22.827, +6.498,+0.962
1721119140,+3.54,+22.810, +6.537,+0.962
1721119440,+3.54,+22.777, +6.546,+0.963
1721119740,+3.54,+22.752, +6.689,+0.962
1721120040,+3.54,+22.727, +6.774,+0.963
1721120340,+3.54,+22.710, +6.769,+0.963
1721120640,+3.54,+22.668, +6.877,+0.963
1721120940,+3.54,+22.643, +6.847,+0.963
1721121240,+3.54,+22.643, +6.910,+0.963
1721121540,+3.54,+22.618, +6.930,+0.963
1721121840,+3.54,+22.601, +7.002,+0.963
1721122140,+3.54,+22.584, +7.019,+0.962
1721122440,+3.54,+22.568, +6.999,+0.962
1721122740,+3.54,+22.559, +7.055,+0.963
1721123040,+3.54,+22.559, +7.099,+0.963
1721123340,+3.54,+22.501, +7.431,+0.963
1721123640,+3.54,+22.467, +7.255,+0.962
1721123940,+3.54,+22.501, +7.184,+0.963
1721124240,+3.54,+22.467, +7.165,+0.963
1721124540,+3.54,+22.484, +7.126,+0.963
1721124840,+3.54,+22.459, +7.100,+0.963
1721125140,+3.54,+22.459, +7.106,+0.963
1721125440,+3.54,+22.484, +7.024,+0.962
1721125740,+3.54,+22.467, +7.048,+0.962
1721126040,+3.54,+22.426, +7.016,+0.963
1721126340,+3.54,+22.417, +7.002,+0.963
1721126640,+3.54,+22.417, +6.929,+0.963
1721126940,+3.54,+22.376, +6.929,+0.962
1721127240,+3.54,+22.376, +6.946,+0.963
1721127540,+3.54,+22.367, +6.899,+0.963
1721127840,+3.54,+22.342, +6.875,+0.963
1721128140,+3.54,+22.309, +6.745,+0.962
1721128440,+3.54,+22.309, +6.770,+0.963
1721128740,+3.54,+22.275, +6.743,+0.962
1721129040,+3.54,+22.267, +6.678,+0.963
1721129340,+3.54,+22.267, +6.614,+0.963
1721129640,+3.54,+22.217, +6.550,+0.962
1721129940,+3.54,+22.217, +6.557,+0.963
1721130240,+3.54,+22.200, +6.500,+0.963
1721130540,+3.54,+22.192, +6.442,+0.962
1721130840,+3.54,+22.133, +6.426,+0.962
1721131140,+3.54,+22.133, +6.361,+0.962
1721131440,+3.54,+22.100, +6.354,+0.963
1721131740,+3.54,+22.100, +6.331,+0.963
1721132040,+3.54,+22.083, +6.336,+0.962
1721132340,+3.54,+22.058, +6.290,+0.963
1721132640,+3.54,+22.025, +6.301,+0.962
1721132940,+3.54,+21.983, +6.267,+0.962
1721133240,+3.54,+21.983, +6.241,+0.962
1721133540,+3.54,+21.941, +6.261,+0.963
1721133840,+3.54,+21.941, +6.215,+0.963
1721134140,+3.54,+21.908, +6.201,+0.963
1721134440,+3.54,+21.866, +6.188,+0.963
1721134740,+3.54,+21.841, +6.182,+0.962
1721135040,+3.54,+21.816, +6.175,+0.963
1721135340,+3.54,+21.791, +6.180,+0.962
1721135640,+3.54,+21.749, +6.170,+0.963
1721135940,+3.54,+21.699, +6.144,+0.963
1721136240,+3.54,+21.666, +6.156,+0.962
1721136540,+3.54,+21.624, +6.166,+0.963
1721136840,+3.54,+21.615, +6.180,+0.963
1721137140,+3.54,+21.582, +6.175,+0.963
1721137440,+3.54,+21.549, +6.177,+0.963
1721137740,+3.54,+21.507, +6.193,+0.963
1721138040,+3.54,+21.457, +6.167,+0.963
1721138340,+3.54,+21.398, +6.199,+0.962
1721138640,+3.54,+21.390, +6.199,+0.963
1721138940,+3.54,+21.348, +6.222,+0.963
1721139240,+3.54,+21.315, +6.220,+0.962
1721139540,+3.54,+21.298, +6.244,+0.962
1721139840,+3.54,+21.248, +6.251,+0.962
1721140140,+3.54,+21.239, +6.283,+0.963
1721140440,+3.54,+21.198, +6.280,+0.963
1721140740,+3.54,+21.189, +6.285,+0.963
1721141040,+3.54,+21.123, +6.324,+0.963
1721141340,+3.54,+21.123, +6.312,+0.963
1721141640,+3.54,+21.089, +6.359,+0.963
1721141940,+3.54,+21.081, +6.356,+0.963
1721142240,+3.54,+21.022, +6.411,+0.963
1721142540,+3.54,+21.047, +6.407,+0.963
1721142840,+3.54,+21.039, +6.409,+0.962
1721143140,+3.54,+21.006, +6.446,+0.963
1721143440,+3.54,+20.989, +6.464,+0.963
1721143740,+3.54,+20.980, +6.481,+0.962
1721144040,+3.54,+20.972, +6.552,+0.963
1721144340,+3.54,+20.964, +6.564,+0.963
1721144640,+3.54,+20.964, +6.574,+0.963
1721144940,+3.54,+20.930, +6.592,+0.963
1721145240,+3.54,+20.947, +6.666,+0.963
1721145540,+3.54,+20.930, +6.771,+0.963
1721145840,+3.54,+20.930, +6.732,+0.963
1721146140,+3.54,+20.947, +6.771,+0.963
1721146440,+3.54,+20.947, +6.856,+0.963
1721146740,+3.54,+20.939, +6.929,+0.963
1721147040,+3.54,+20.972, +6.951,+0.963
1721147340,+3.54,+20.964, +7.010,+0.963
1721147640,+3.54,+20.930, +7.133,+0.963
1721147940,+3.54,+20.964, +7.059,+0.963
1721148240,+3.54,+20.997, +7.090,+0.964
1721148540,+3.54,+20.997, +7.179,+0.963
1721148840,+3.54,+21.022, +7.163,+0.963
1721149140,+3.54,+21.064, +7.281,+0.963
1721149440,+3.54,+21.047, +7.392,+0.963
1721149740,+3.54,+21.097, +7.342,+0.963
1721150040,+3.53,+21.097, +7.335,+0.963
1721150340,+3.54,+21.123, +7.415,+0.964
1721150640,+3.54,+21.123, +7.467,+0.963
1721150940,+3.54,+21.173, +7.441,+0.963
1721151240,+3.54,+21.198, +7.415,+0.962
1721151540,+3.54,+21.214, +7.407,+0.963
1721151840,+3.54,+21.223, +7.414,+0.962
1721152140,+3.54,+21.231, +7.376,+0.963
1721152440,+3.54,+21.223, +7.365,+0.963
1721152740,+3.54,+21.206, +7.386,+0.963
1721153040,+3.54,+21.189, +7.372,+0.963
1721153340,+3.54,+21.198, +7.312,+0.962
1721153640,+3.54,+21.198, +7.306,+0.963
1721153940,+3.54,+21.248, +7.272,+0.962
1721154240,+3.54,+21.256, +7.257,+0.962
1721154540,+3.54,+21.273, +7.310,+0.963
1721154840,+3.54,+21.281, +7.322,+0.963
1721155140,+3.54,+21.315, +7.333,+0.963
1721155440,+3.54,+21.382, +7.305,+0.963
1721155740,+3.54,+21.423, +7.530,+0.963
1721156040,+3.54,+21.482, +7.386,+0.963
1721156340,+3.54,+21.557, +7.318,+0.963
1721156640,+3.54,+21.557, +7.323,+0.963
1721156940,+3.54,+21.565, +7.241,+0.963
1721157240,+3.54,+21.557, +7.167,+0.963
1721157540,+3.54,+21.540, +7.177,+0.962
1721157840,+3.54,+21.540, +7.158,+0.962
1721158140,+3.54,+21.574, +7.178,+0.962
