7450-340250
OS REV: 1.05 Sensor Cal: 1705524272
Time (sec),  BV (Volts),  T (deg C),  DO (mg/l),  Q ()
1746927660,+3.53,+32.961,+10.490,+0.962
1746927960,+3.53,+32.838,+10.333,+0.960
1746928260,+3.53,+32.698,+10.177,+0.961
1746928560,+3.53,+32.548,+10.026,+0.962
1746928860,+3.54,+32.417, +9.860,+0.964
1746929160,+3.54,+32.277, +9.638,+0.962
1746929460,+3.54,+32.076, +9.483,+0.963
1746929760,+3.53,+31.971, +9.276,+0.962
1746930060,+3.53,+31.770, +9.097,+0.963
1746930360,+3.54,+31.631, +8.912,+0.963
1746930660,+3.54,+31.482, +8.729,+0.963
1746930960,+3.54,+31.308, +8.466,+0.962
1746931260,+3.54,+31.152, +8.258,+0.964
1746931560,+3.54,+30.987, +7.979,+0.963
1746931860,+3.53,+30.831, +7.758,+0.964
1746932160,+3.54,+30.649, +7.499,+0.964
1746932460,+3.54,+30.485, +7.218,+0.963
1746932760,+3.54,+30.321, +6.838,+0.964
1746933060,+3.54,+30.148, +6.532,+0.964
1746933360,+3.54,+30.001, +6.155,+0.963
1746933660,+3.54,+29.855, +5.750,+0.961
1746933960,+3.54,+29.691, +5.412,+0.960
1746934260,+3.54,+29.563, +5.003,+0.960
1746934560,+3.54,+29.416, +4.622,+0.959
1746934860,+3.54,+29.253, +4.244,+0.957
1746935160,+3.54,+29.125, +3.983,+0.958
1746935460,+3.54,+28.996, +3.606,+0.956
1746935760,+3.54,+28.876, +3.307,+0.957
1746936060,+3.54,+28.799, +2.927,+0.957
1746936360,+3.54,+28.637, +2.599,+0.956
1746936660,+3.54,+28.500, +2.273,+0.956
1746936960,+3.54,+28.398, +2.272,+0.959
1746937260,+3.54,+28.278, +2.423,+0.959
1746937560,+3.54,+28.168, +2.230,+0.957
1746937860,+3.54,+28.057, +1.912,+0.953
1746938160,+3.54,+27.912, +1.901,+0.957
1746938460,+3.54,+27.801, +1.681,+0.955
1746938760,+3.54,+27.657, +1.413,+0.952
1746939060,+3.54,+27.512, +1.214,+0.949
1746939360,+3.54,+27.360, +0.962,+0.944
1746939660,+3.54,+27.258, +0.974,+0.948
1746939960,+3.54,+27.088, +0.782,+0.945
1746940260,+3.54,+26.936, +0.673,+0.944
1746940560,+3.54,+26.843, +0.337,+0.940
1746940860,+3.54,+26.716, +0.337,+0.942
1746941160,+3.54,+26.589, +0.301,+0.944
1746941460,+3.54,+26.471, +0.288,+0.945
1746941760,+3.54,+26.352, +0.260,+0.945
1746942060,+3.54,+26.226, +0.238,+0.946
1746942360,+3.54,+26.116, +0.210,+0.946
1746942660,+3.54,+25.981, +0.196,+0.947
1746942960,+3.54,+25.821, +0.185,+0.948
1746943260,+3.55,+25.669, +0.169,+0.948
1746943560,+3.54,+25.509, +0.156,+0.948
1746943860,+3.54,+25.349, +0.148,+0.949
1746944160,+3.54,+25.206, +0.139,+0.949
1746944460,+3.54,+25.064, +0.131,+0.949
1746944760,+3.54,+24.921, +0.122,+0.950
1746945060,+3.54,+24.778, +0.115,+0.950
1746945360,+3.54,+24.644, +0.107,+0.950
1746945660,+3.55,+24.509, +0.098,+0.950
1746945960,+3.54,+24.367, +0.091,+0.950
1746946260,+3.54,+24.233, +0.085,+0.950
1746946560,+3.54,+24.099, +0.079,+0.950
1746946860,+3.54,+23.973, +0.075,+0.950
1746947160,+3.54,+23.864, +0.071,+0.951
1746947460,+3.54,+23.705, +0.067,+0.951
1746947760,+3.55,+23.596, +0.063,+0.951
1746948060,+3.55,+23.446, +0.060,+0.951
1746948360,+3.55,+23.345, +0.058,+0.951
1746948660,+3.54,+23.245, +0.059,+0.951
1746948960,+3.54,+23.128, +0.053,+0.951
1746949260,+3.54,+23.027, +0.059,+0.951
1746949560,+3.54,+22.885, +0.057,+0.952
1746949860,+3.54,+22.743, +0.055,+0.952
1746950160,+3.55,+22.610, +0.053,+0.952
1746950460,+3.55,+22.493, +0.052,+0.952
1746950760,+3.55,+22.401, +0.051,+0.952
1746951060,+3.55,+22.300, +0.051,+0.952
1746951360,+3.54,+22.200, +0.055,+0.952
1746951660,+3.54,+22.075, +0.310,+0.940
1746951960,+3.54,+21.983, +0.188,+0.953
1746952260,+3.54,+21.849, +0.312,+0.944
1746952560,+3.54,+21.732, +0.204,+0.948
1746952860,+3.54,+21.640, +0.278,+0.951
1746953160,+3.55,+21.524, +0.417,+0.953
1746953460,+3.55,+21.423, +0.543,+0.953
1746953760,+3.55,+21.340, +0.261,+0.952
1746954060,+3.55,+21.231, +0.186,+0.953
1746954360,+3.54,+21.148, +0.146,+0.953
1746954660,+3.54,+21.064, +0.131,+0.953
1746954960,+3.54,+20.972, +0.124,+0.953
1746955260,+3.54,+20.863, +0.106,+0.953
1746955560,+3.54,+20.805, +0.099,+0.953
1746955860,+3.54,+20.713, +0.094,+0.953
1746956160,+3.54,+20.604, +0.090,+0.953
1746956460,+3.54,+20.512, +0.084,+0.953
1746956760,+3.55,+20.420, +0.083,+0.953
1746957060,+3.55,+20.278, +0.078,+0.953
1746957360,+3.55,+20.211, +0.075,+0.954
1746957660,+3.55,+20.119, +0.071,+0.954
1746957960,+3.54,+20.061, +0.068,+0.954
1746958260,+3.54,+19.960, +0.068,+0.954
1746958560,+3.54,+19.893, +0.064,+0.954
1746958860,+3.54,+19.793, +0.062,+0.954
1746959160,+3.54,+19.743, +0.059,+0.954
1746959460,+3.54,+19.659, +0.061,+0.954
1746959760,+3.54,+19.592, +0.057,+0.954
1746960060,+3.54,+19.542, +0.058,+0.954
1746960360,+3.54,+19.483, +0.055,+0.954
1746960660,+3.54,+19.424, +0.063,+0.954
1746960960,+3.54,+19.357, +0.070,+0.954
1746961260,+3.54,+19.315, +0.063,+0.954
1746961560,+3.55,+19.248, +0.063,+0.954
1746961860,+3.55,+19.173, +0.060,+0.954
1746962160,+3.55,+19.064, +0.119,+0.953
1746962460,+3.54,+18.988, +0.207,+0.950
1746962760,+3.54,+18.946, +0.192,+0.953
1746963060,+3.54,+18.888, +0.188,+0.953
1746963360,+3.54,+18.812, +0.167,+0.953
1746963660,+3.54,+18.762, +0.175,+0.954
1746963960,+3.54,+18.694, +0.153,+0.954
1746964260,+3.54,+18.619, +0.144,+0.953
1746964560,+3.54,+18.552, +0.135,+0.953
1746964860,+3.54,+18.493, +0.193,+0.952
1746965160,+3.54,+18.426, +0.150,+0.953
1746965460,+3.54,+18.350, +0.142,+0.953
1746965760,+3.54,+18.266, +0.156,+0.954
1746966060,+3.54,+18.198, +0.158,+0.953
1746966360,+3.54,+18.114, +0.148,+0.953
1746966660,+3.54,+18.047, +0.143,+0.954
1746966960,+3.54,+17.946, +0.138,+0.954
1746967260,+3.54,+17.870, +0.159,+0.954
1746967560,+3.54,+17.760, +0.150,+0.954
1746967860,+3.54,+17.701, +0.140,+0.954
1746968160,+3.54,+17.617, +0.141,+0.954
1746968460,+3.54,+17.566, +0.130,+0.954
1746968760,+3.54,+17.532, +0.144,+0.954
1746969060,+3.54,+17.473, +0.177,+0.954
1746969360,+3.54,+17.439, +0.156,+0.954
1746969660,+3.54,+17.346, +0.064,+0.954
1746969960,+3.54,+17.355, +0.062,+0.954
1746970260,+3.54,+17.270, +0.056,+0.954
1746970560,+3.54,+17.245, +0.052,+0.954
1746970860,+3.54,+17.186, +0.052,+0.954
1746971160,+3.54,+17.126, +0.052,+0.954
1746971460,+3.54,+17.067, +0.101,+0.955
1746971760,+3.54,+17.016, +0.062,+0.955
1746972060,+3.54,+17.008, +0.061,+0.955
1746972360,+3.54,+16.965, +0.059,+0.955
1746972660,+3.54,+16.906, +0.077,+0.955
1746972960,+3.54,+16.923, +0.101,+0.955
1746973260,+3.54,+16.932, +0.054,+0.955
1746973560,+3.54,+16.915, +0.052,+0.955
1746973860,+3.54,+16.957, +0.054,+0.955
1746974160,+3.54,+16.991, +0.052,+0.955
1746974460,+3.54,+17.033, +0.050,+0.955
1746974760,+3.54,+17.135, +0.050,+0.955
1746975060,+3.54,+17.203, +0.051,+0.955
1746975360,+3.54,+17.228, +0.065,+0.955
1746975660,+3.54,+17.296, +0.070,+0.955
1746975960,+3.54,+17.338, +0.200,+0.957
1746976260,+3.54,+17.380, +0.384,+0.960
1746976560,+3.54,+17.422, +0.450,+0.961
1746976860,+3.54,+17.558, +0.670,+0.963
1746977160,+3.54,+17.608, +1.063,+0.966
1746977460,+3.54,+17.684, +1.166,+0.967
1746977760,+3.54,+17.785, +1.230,+0.968
1746978060,+3.54,+17.878, +1.477,+0.968
1746978360,+3.54,+17.962, +1.882,+0.969
1746978660,+3.54,+18.013, +1.576,+0.968
1746978960,+3.54,+18.097, +1.529,+0.968
1746979260,+3.54,+18.257, +2.023,+0.968
1746979560,+3.54,+18.442, +3.008,+0.967
1746979860,+3.54,+18.560, +2.429,+0.967
1746980160,+3.54,+18.762, +3.256,+0.967
1746980460,+3.54,+18.862, +3.002,+0.966
1746980760,+3.54,+19.022, +3.625,+0.966
1746981060,+3.54,+19.190, +3.696,+0.966
1746981360,+3.54,+19.290, +3.621,+0.966
1746981660,+3.54,+19.458, +4.183,+0.965
1746981960,+3.54,+19.584, +4.695,+0.966
1746982260,+3.53,+19.734, +5.322,+0.966
1746982560,+3.53,+19.935, +6.423,+0.966
1746982860,+3.53,+19.985, +5.772,+0.966
1746983160,+3.54,+20.153, +6.280,+0.966
1746983460,+3.54,+20.354, +7.014,+0.966
1746983760,+3.54,+20.496, +6.695,+0.966
1746984060,+3.53,+20.721, +7.084,+0.966
1746984360,+3.53,+20.863, +7.416,+0.966
1746984660,+3.53,+21.089, +8.242,+0.966
1746984960,+3.54,+21.298, +8.606,+0.966
1746985260,+3.54,+21.457, +9.204,+0.967
1746985560,+3.54,+21.574, +8.443,+0.967
1746985860,+3.53,+21.841, +9.365,+0.967
1746986160,+3.53,+21.941, +9.200,+0.967
1746986460,+3.53,+21.899, +6.713,+0.965
1746986760,+3.53,+22.225, +7.764,+0.966
1746987060,+3.53,+22.543,+10.173,+0.967
1746987360,+3.53,+22.902,+11.984,+0.968
1746987660,+3.53,+23.103,+12.009,+0.969
1746987960,+3.53,+23.262,+11.628,+0.968
1746988260,+3.53,+23.429,+12.529,+0.968
1746988560,+3.53,+23.630,+13.241,+0.968
1746988860,+3.53,+23.780,+13.161,+0.968
1746989160,+3.53,+23.948,+13.221,+0.968
1746989460,+3.53,+24.090,+13.263,+0.968
1746989760,+3.53,+24.275,+13.511,+0.969
1746990060,+3.53,+24.509,+13.975,+0.971
1746990360,+3.53,+24.702,+14.881,+0.971
1746990660,+3.53,+24.854,+15.110,+0.971
1746990960,+3.53,+25.030,+15.105,+0.972
1746991260,+3.53,+25.139,+14.951,+0.972
1746991560,+3.53,+25.232,+15.021,+0.970
1746991860,+3.53,+25.333,+14.913,+0.970
1746992160,+3.53,+25.459,+15.435,+0.971
1746992460,+3.53,+25.526,+14.950,+0.971
1746992760,+3.53,+25.652,+15.155,+0.971
1746993060,+3.53,+25.762,+15.713,+0.972
1746993360,+3.53,+25.880,+14.243,+0.969
1746993660,+3.53,+26.057,+13.835,+0.965
1746993960,+3.53,+26.133,+15.928,+0.970
1746994260,+3.53,+26.234,+15.778,+0.972
1746994560,+3.53,+26.352,+15.402,+0.972
1746994860,+3.53,+26.403,+15.051,+0.971
1746995160,+3.53,+26.564,+15.509,+0.973
1746995460,+3.53,+26.640,+14.677,+0.972
1746995760,+3.53,+26.690,+15.117,+0.969
1746996060,+3.53,+26.758,+13.377,+0.968
1746996360,+3.53,+26.978,+15.516,+0.971
1746996660,+3.53,+27.148,+15.699,+0.972
1746996960,+3.53,+27.173,+15.997,+0.973
1746997260,+3.53,+27.266,+15.118,+0.971
1746997560,+3.53,+27.232,+12.291,+0.962
1746997860,+3.53,+27.249,+11.705,+0.968
1746998160,+3.52,+27.385,+12.033,+0.970
1746998460,+3.52,+27.546,+14.685,+0.970
1746998760,+3.52,+27.580,+11.269,+0.959
1746999060,+3.52,+27.589,+11.453,+0.968
1746999360,+3.53,+27.623,+11.735,+0.960
1746999660,+3.53,+27.750,+11.412,+0.964
1746999960,+3.52,+27.589, +9.862,+0.960
1747000260,+3.53,+27.674, +8.215,+0.963
1747000560,+3.53,+27.861, +8.682,+0.964
1747000860,+3.53,+27.904, +9.155,+0.964
1747001160,+3.53,+27.972, +9.296,+0.963
1747001460,+3.53,+27.904, +8.385,+0.966
1747001760,+3.53,+27.912, +9.221,+0.967
1747002060,+3.53,+27.938, +8.128,+0.966
1747002360,+3.53,+27.929, +8.780,+0.967
1747002660,+3.53,+27.878, +8.407,+0.966
1747002960,+3.53,+27.870, +8.562,+0.966
1747003260,+3.53,+27.784, +8.277,+0.967
1747003560,+3.53,+27.784, +7.961,+0.966
1747003860,+3.53,+27.853, +8.150,+0.967
1747004160,+3.53,+27.844, +8.372,+0.967
1747004460,+3.53,+27.818, +8.420,+0.966
1747004760,+3.53,+27.810, +8.759,+0.967
1747005060,+3.53,+27.699, +8.622,+0.966
1747005360,+3.53,+27.776, +8.675,+0.966
1747005660,+3.53,+27.716, +8.961,+0.967
1747005960,+3.53,+27.691, +8.445,+0.967
1747006260,+3.53,+27.665, +7.853,+0.966
1747006560,+3.52,+27.572, +8.208,+0.967
1747006860,+3.52,+27.529, +8.985,+0.966
1747007160,+3.53,+27.470, +7.556,+0.965
1747007460,+3.53,+27.411, +8.435,+0.966
1747007760,+3.53,+27.385, +7.733,+0.967
1747008060,+3.53,+27.300, +8.338,+0.966
1747008360,+3.53,+27.199, +8.873,+0.967
1747008660,+3.53,+27.114, +8.089,+0.966
1747008960,+3.53,+27.004, +7.375,+0.966
1747009260,+3.53,+26.927, +7.217,+0.966
1747009560,+3.53,+26.843, +7.349,+0.966
1747009860,+3.53,+26.817, +7.485,+0.966
1747010160,+3.53,+26.800, +7.498,+0.965
1747010460,+3.53,+26.741, +7.663,+0.966
1747010760,+3.53,+26.648, +7.369,+0.966
1747011060,+3.53,+26.623, +7.479,+0.966
1747011360,+3.53,+26.521, +6.927,+0.965
1747011660,+3.53,+26.395, +7.350,+0.966
1747011960,+3.53,+26.293, +6.234,+0.964
1747012260,+3.53,+26.175, +5.825,+0.964
1747012560,+3.53,+26.048, +5.651,+0.964
1747012860,+3.53,+25.897, +5.550,+0.964
1747013160,+3.53,+25.796, +5.604,+0.964
1747013460,+3.53,+25.644, +5.623,+0.964
1747013760,+3.53,+25.492, +5.247,+0.964
1747014060,+3.53,+25.333, +5.291,+0.964
